,ticker,dimension,calendardate,dps,sharefactor,shareswa,price,divyield,cor,gp,opex,opinc,revenue,sgna,intexp,taxexp,rnd,prefdivis,consolinc,ebit,ebt,netinc,netinccmn,netincdis,netincnci,grossmargin,netmargin,capex,ncfbus,ncfi,ncfinv,depamor,ncfcommon,ncfdebt,ncfdiv,ncff,ncfo,sbcomp,fcf,ncf,ebitda,ebitdamargin,ncfx,eps,epsusd,payoutratio,sps,fcfps,epsdil,debt,payables,taxliabilities,accoci,deferredrev,deposits,cashneq,receivables,ppnenet,taxassets,intangibles,inventory,investments,equity,liabilities,assets,invcap,tangibles,de,bvps,tbvps,pe1,ps1,sharesbas,marketcap,pb,ps,pe,retearn,ev,evebit,evebitda,investmentsc,assetsc,debtc
0,PHB1,MRY,1998-12-31,0.0028967391304347825,0.018049889895671637,0.008798095559743271,0.002557612611895552,0.0018064807496895113,0.16694024239990868,0.2473583677924477,0.102672696384562,0.3913748002392665,0.12948439486122595,0.05959789179721866,0.30148335174372737,0.5647191161402414,0.03187439826467778,0.013764116302163924,0.48580805521368764,0.4124621790064393,0.4528595620292891,0.48549735207201583,0.48645517993244625,0.4640309112748007,0.3351357316265725,0.36384993088165735,0.9896877155094069,0.4950347149168946,0.28763431895039454,0.33800887988319084,0.37797443342690873,0.17670739570064947,0.7771266255213938,0.7757933874213786,0.9163762179764418,0.48932658252977146,0.4719682791435369,0.11044585987261146,0.4543369682466303,0.3211003916701908,0.38746600134120285,0.98452412631216,0.4462710020548773,0.7265517808820303,0.7265517808820303,0.5279828294954346,0.016211656154131383,0.516314495668707,0.6168632312742857,2.4710126833302062e-05,0.00022613822908640156,0.008823799046571323,0.3970436965108624,0.0,0.0,0.00015000897375110832,0.0011871466244413448,0.002253909123636307,0.002470276349614396,0.00018605343454640173,0.000707241014010534,1.1298493413537448e-06,0.16451221705597535,0.004918623896262102,0.0004129351391209027,0.0003455905056074696,0.00039970774677864897,0.568949933043048,0.8321081020973073,0.00042810315001983086,0.42378560161524387,0.003782453687735361,0.009158591006561051,0.0036328825106185904,0.9754191316346388,0.00374727081755072,0.6831192152591583,0.2187400927801034,0.027189737110710613,0.3726868724870088,0.6829245140605883,0.0,0.005634306909753479,0.000636943576707115
1,PHB1,MRY,1997-12-31,0.0017228260869565216,0.018049889895671637,0.009383433536985642,0.002164419469693352,0.0012419555154115389,0.16690481532653922,0.24721983165760583,0.10245136745387984,0.39139265594728995,0.12940572126716934,0.059371897624639826,0.3013518489295671,0.5646411547200071,0.03169740644246693,0.013660192605251613,0.48567774318878354,0.41229408570172493,0.4527187886867917,0.48536568714462663,0.48636757419719073,0.4640309112748007,0.3351357316265725,0.3638447045419505,0.9896874539887007,0.4949505575426047,0.28763431895039454,0.337962394588635,0.37797443342690873,0.17669167020490323,0.7773625502519677,0.7759033333735574,0.9167069478718802,0.4894292650243742,0.4717652656621729,0.11044585987261146,0.45411941732611794,0.32111817689580624,0.3872993922934985,0.984523452879224,0.4457875015109392,0.726551476145201,0.726551476145201,0.5279286259958529,0.01618238177902758,0.5162567782453975,0.6168630587874087,3.0172192910155882e-05,0.00023730554904128557,0.008606068940227356,0.3974448650427913,0.0,0.0,0.00016474199795880645,0.0008699491948401424,0.002132604986773936,0.0022292737789203084,0.0002164985420176311,0.0006565106459169513,1.1298493413537448e-06,0.16433591962261665,0.0049150012232559185,0.0003855183622660495,0.0003332100530411288,0.0003701264875405179,0.5689500298870174,0.8320886513921029,0.0003716906162520693,0.42375523166550993,0.0037797137622280967,0.009351776335979934,0.003139121672683406,0.9754188735021146,0.0037428762458999827,0.6830989841268069,0.21875303282241731,0.02691172090228392,0.37268099414517153,0.6829196723784301,0.0,0.0048859581575436805,0.0006864836326732239
2,PHB1,MRY,1996-12-31,0.0015054347826086957,0.018049889895671637,0.009482256831844742,0.001392132650191518,0.0016935757028339166,0.1668182158138583,0.24714006842845448,0.1024334218649056,0.3913212331151961,0.1293085362392171,0.05942839616778453,0.30143075061806324,0.5646411547200071,0.03150074886223265,0.013660192605251613,0.4855812157629287,0.4122208142612084,0.45263598083826384,0.4852681575687827,0.48627023449135137,0.4640309112748007,0.3351357316265725,0.3638708362404848,0.9896871924679944,0.49506627393225333,0.28763431895039454,0.3379445156291904,0.37797443342690873,0.1765029642559482,0.7770133816507182,0.7756807598606099,0.916961355483756,0.4892641173455548,0.47244091990483744,0.11044585987261146,0.45479624241215627,0.3211517712108577,0.3871786007339129,0.984523116162756,0.44651275232684634,0.7265512933031034,0.7265512933031034,0.5279242606133363,0.016168684211218667,0.51641590074166,0.6168629035492194,1.3005699525758167e-05,0.00024847286899616964,0.008984231756508984,0.39759916063199474,0.0,0.0,0.00016742072963293338,0.0007642167183064081,0.0019956487032196466,0.0022493573264781488,0.00015899111679419783,0.0005699706062278987,1.1298493413537448e-06,0.1641044179424487,0.004902684135034895,0.00034198821655790544,0.00030883204850328243,0.00033068480855634317,0.5689500347292158,0.8320735936352848,0.0003286358071819596,0.42339773276968057,0.0037681342081990338,0.00938496834054369,0.0020262965873960024,0.9754177919268389,0.0037312582082970206,0.6830215110556156,0.2184877619549816,0.02621512106017832,0.3726457240941475,0.6828917071916136,0.0,0.004251488563278852,0.00017692877130753195
3,PHB1,MRY,1995-12-31,0.0012880434782608695,0.018049889895671637,0.009634292670089514,0.0010857346010723174,0.0019193857965451057,0.1666509213007247,0.24670346970046808,0.10221209293422343,0.3910221500058031,0.12901698115536028,0.05917818833385797,0.30148335174372737,0.5644072704593041,0.031382754314092084,0.013660192605251613,0.48538816091121895,0.4119665192617687,0.4523834169002538,0.485073098417095,0.48607555507967254,0.4640309112748007,0.3351357316265725,0.36387867575004507,0.9896867130133662,0.4953818640858405,0.28763431895039454,0.33801841532822796,0.37797443342690873,0.17645578776870943,0.7766547760602458,0.7758738356790704,0.9171903223344442,0.48936252140288244,0.47165107057890565,0.11044585987261146,0.45413452502893126,0.32102134622301093,0.38692035670997116,0.9845226351392303,0.44687537773479996,0.7265509479346969,0.7265509479346969,0.5279308086871113,0.01613297866098507,0.5162594421264733,0.6168626103215286,3.3553471910113006e-05,0.0001619261393458184,0.008342500916758342,0.3975271560236998,0.0,0.0,0.00014733024207698139,0.0006650925215560325,0.0018469533096464182,0.002068605398457583,3.3827897190254856e-05,0.0006356216708195938,1.1298493413537448e-06,0.1639174358161592,0.004896887858225001,0.0003109639690642558,0.0003101083838194,0.0003085589886383915,0.5689501267309867,0.8320609440610157,0.00030180109238756985,0.4233666477380277,0.003765511066401915,0.009563763690968417,0.0016104759473710075,0.9754174640985334,0.003728740670286578,0.6830157436058584,0.21823866614043827,0.02597145260602968,0.3726457240941475,0.6828875060657361,0.0,0.0041755691246488725,0.0007855637446054418
4,PHB1,MRY,1994-12-31,0.0010706521739130435,0.018049889895671637,0.010101802872692186,0.0007888878023709842,0.0021451958902562944,0.16658006715398577,0.24663210260070106,0.10171559830593639,0.39131676918819025,0.12893522232232107,0.05900062148397459,0.30143075061806324,0.5647191161402414,0.03106810218571724,0.013660192605251613,0.48553295205000124,0.4122078840069996,0.45262355966098466,0.4852193927808608,0.48622156463843164,0.4640309112748007,0.3351357316265725,0.3639021942787259,0.9896878026829757,0.4954555017883442,0.28763431895039454,0.33802318305074647,0.37797804792828826,0.17647151326445568,0.7765320952003474,0.7757437776624686,0.9173938484239448,0.48927524128247013,0.4722569389373513,0.11044585987261146,0.4547327900603402,0.32120710302388356,0.38715777460294987,0.9845249440521537,0.44669406503082315,0.7265511104610058,0.7265511104610058,0.5279006147913712,0.016112975200678767,0.5163899722991887,0.61686274831103,2.106874944873285e-05,0.00022334639909768055,0.008434176751008434,0.39748601053324556,0.0,0.0,0.0002156378997672182,0.0006606870017004602,0.0017921707962247023,0.002128856041131105,5.074184578538229e-05,0.0005356530042822399,1.1298493413537448e-06,0.16386045078719477,0.004894955765955037,0.00030134404736079854,0.000297855564784671,0.0002977365767220021,0.5689501606263759,0.8320533754872899,0.0002777691144717053,0.4230769974972133,0.0037610193852424647,0.009978252172398132,0.0012208268977706854,0.9754169129855945,0.0037242393479074826,0.682953680439487,0.21803971298986147,0.025710980306729588,0.37261633238496084,0.6828677469242463,0.0,0.004023730247388914,0.00010615726278451917
5,PHB1,MRY,1993-12-31,0.000907608695652174,0.018049889895671637,0.010261440502849195,0.0008267895897434731,0.0016935757028339166,0.16644623154347887,0.24634663420163305,0.10203263704448112,0.3907766340204805,0.1287254260715035,0.05870198632735256,0.30161485455788756,0.5641845235443489,0.03089111036350639,0.013660192605251613,0.4850840995197761,0.41163033265233995,0.45203976432886306,0.4847658802531868,0.4857689350062784,0.4640309112748007,0.3351357316265725,0.36392571280740676,0.9896854054098347,0.49523458868083314,0.28763431895039454,0.33803152656515395,0.3779768430944951,0.17631425830699313,0.7773531132627447,0.7757759569655454,0.9175719337522579,0.48937621240216284,0.4717652656621729,0.11044585987261146,0.45420099892131005,0.32111224848726777,0.3865579820312142,0.9845211920686532,0.44584793907893144,0.7265503933136677,0.7265503933136677,0.5279471788715486,0.016088336282973712,0.5162715183873504,0.6168621394323544,3.4959563777325946e-05,0.00022163221548460586,0.008279725889255591,0.3974450501974984,0.0,0.0,0.00015801302399339959,0.0006603323573520865,0.0017125796302962953,0.0019316356041131104,9.311805259561455e-05,0.0005711403888333508,1.1298493413537448e-06,0.16376311501537708,0.0049007339293999,0.0002937356512855342,0.00030081079157560974,0.0002871154616672575,0.5689504366316884,0.8320466802105324,0.0002636957973795364,0.42355656508297057,0.0037639210112714694,,,,,,0.2177816659010475,,,,0.0,0.00388806221055714,0.00046906648133967637
6,PHB1,MRY,1992-12-31,0.0,,0.010351407710130538,0.0006688149399749394,0.0,0.16642939777911614,0.24604167838626392,0.10149069222118537,0.39085678829379783,0.1286001730819069,0.05851014148849448,0.301575640418705,0.5641909832048826,0.03063881835382384,0.013660192605251613,0.4852393156205507,0.41176501849026353,0.4521753207769032,0.4849227078111437,0.48592545725326813,0.4640309112748007,0.3351357316265725,0.3638760625801916,0.9896868001869349,0.49549912686724173,0.28761588948993816,0.33801768586668257,0.37797546476463567,0.1762611690333538,0.7774407734556368,0.7758080571611686,0.9177931920523061,0.4894120888100896,0.47175992386994453,0.11044585987261146,0.454271893327532,0.32119171287531767,0.38667407938088083,0.9845229237533458,0.44654786655384987,0.7265506228820791,0.7265506228820791,0.52781112444978,0.01607409582375774,0.516286436121375,0.6168623343425254,,,,,,,,,,,,,,,,,,,,,,0.4231927987044398,0.0037613338029236264,,,,,,,,,,,,
7,PHB1,MRQ,1999-06-30,0.0005434782608695652,0.018049889895671637,0.009102167236232814,0.002841876017189219,0.0012419555154115389,0.16640293178713841,0.24635922839570956,0.10043547962577465,0.3919818943120642,0.12869611630116867,0.05738637739412577,0.3013518489295671,0.5647191161402414,0.029907822462335008,0.013660192605251613,0.48624725500132726,0.41283284629375816,0.453236337740091,0.48594111164210546,0.4869418784616433,0.4640309112748007,0.3351357316265725,0.36395445767579443,0.9896934253781611,0.4956343362087103,0.28763431895039454,0.33804821359396886,0.37797443342690873,0.17577959145162053,0.7775984749825416,0.7759703735883007,0.9181061897371969,0.4895405043935272,0.4705122918318795,0.11044585987261146,0.45312230894043637,0.3207585201111379,0.38757846244840327,0.9845302353109365,0.4464523147588541,0.7265525325662091,0.7265525325662091,0.5278354978354979,0.01611147180908998,0.5160132995150671,0.616863955719169,0.00010508052767843682,0.000421566328296872,0.009339475614228088,0.39700255102040816,0.0,0.0,0.00015268770542523524,0.002488977741762947,0.0024847782873421093,0.0021690231362467864,0.0002638575980839879,0.0006609868548663852,1.1298493413537448e-06,0.16483988097252078,0.005029960713318806,0.0005682968746317374,0.00043225367357185526,0.0005495380273099958,0.5689512646476261,0.83212371558856,0.0005689555863406054,0.4241554672219068,0.0037881221893585875,0.0090786116188815,0.004001434757324091,0.9754189580405164,0.0037512383862880255,0.6831748981842357,0.21909109142786898,0.027475411730176418,0.3727338992217075,0.6829528312648203,0.0,0.008638547552682667,0.0014083530196079541
8,PHB1,MRQ,1999-03-31,0.0005434782608695652,0.018049889895671637,0.009098366340276696,0.0017854015959684628,0.002709721124534267,0.1656569950756368,0.24365147666925546,0.09949632713612327,0.3898034979332018,0.12711647394207154,0.056199907988086883,0.301272947241071,0.5632601238472846,0.02971116488210073,0.013660192605251613,0.4845194140785251,0.41071228460351533,0.45121168584358423,0.4841953322345001,0.48519949772711785,0.4640309112748007,0.3351357316265725,0.3637793752956148,0.9896819620538685,0.4958236903008626,0.28763431895039454,0.3380494055245985,0.37797443342690873,0.175685238477143,0.7774286091765283,0.775798750638558,0.9181061897371969,0.4894155740250939,0.47217129262490093,0.11044585987261146,0.45475696238484153,0.321507475723167,0.3855041798044843,0.984516622345159,0.44657318989483863,0.726549505513705,0.726549505513705,0.5314489432136491,0.015932944057922005,0.5164144800050863,0.6168613856647019,7.412881990959851e-05,0.0006700391972930417,0.008285203520352035,0.39708484200131666,0.0,0.00022774428611276076,0.0003991310194449132,0.0011144555468244025,0.002422169700574434,0.0028116966580976864,0.0002198813317366566,0.0012339416003939064,1.1298493413537448e-06,0.16425044207917003,0.005116421842399717,0.0005745498237389846,0.0003519721821880576,0.0005589174509708666,0.5689538068018206,0.8320871958971556,0.0005789142471643011,0.4235510547458305,0.003771889253648334,0.009077726620252533,0.0025136339247862414,0.9754182197814976,0.003735172401670147,0.683045229692742,0.2185459921453943,0.026623183130844427,0.37266335911965953,0.6829039123856122,0.0,0.008925956856067589,0.0005661720681841022
9,PHB1,MRQ,1998-12-31,0.0005434782608695652,0.018049889895671637,0.00912117171601341,0.0022686493849676964,0.0020322908434007,0.1654975732454742,0.24305115341827416,0.0993348168353552,0.3892856824005214,0.12677092717601904,0.056022341138203514,0.301272947241071,0.5627923553258787,0.02961283609198359,0.013660192605251613,0.4841429571176911,0.4101950744351634,0.45071483875241697,0.483814966888709,0.48481987287434414,0.4640309112748007,0.3351357316265725,0.3630476877366552,0.9896385060298393,0.4958973280033663,0.28763431895039454,0.3380553651777467,0.37797443342690873,0.1757166894686355,0.7774474831549744,0.7761004316049025,0.9181061897371969,0.4896098150773841,0.4707755749405234,0.11044585987261146,0.4534486353212049,0.3211043439425498,0.3850126831137565,0.9844589476244269,0.44669406503082315,0.7265488554084693,0.7265488554084693,0.527693622903707,0.015893855876613648,0.5160935711314854,0.6168608337066956,7.933078760184025e-05,0.0009603895161200264,0.008296662999633296,0.397146560236998,0.0,0.0,0.0001379546812175371,0.000880962994479073,0.0023399959304418604,0.0025506105398457584,0.0002198813317366566,0.0012563226451410751,1.1298493413537448e-06,0.16433057727615125,0.005009190721416688,0.00047859110474699845,0.0003595025605531515,0.0004629587319788804,0.5689516956032895,0.8320918534809869,0.00047831388303511125,0.4238548383704545,0.0037794352779962105,0.009093550631130631,0.0031995356116127052,0.9754189606218415,0.0037426182649731173,0.6831062204739241,0.2185799597564684,0.026983363247323526,0.3726868724870088,0.682920693806013,0.0,0.0069195145494181315,0.0021231452556903833
10,PHB1,MRQ,1998-09-30,0.0005434782608695652,0.018049889895671637,0.009151578883662364,0.002557612611895552,0.0018064807496895113,0.16553103214810092,0.24323586826472995,0.09947239968415764,0.3893794248676446,0.1268650269649887,0.056207979208536124,0.3012466466782389,0.562870316746113,0.02961283609198359,0.013660192605251613,0.48426844277130243,0.41033299714672394,0.45085147170248796,0.48394175533730605,0.4849464144919354,0.4640309112748007,0.3351357316265725,0.36358077438675435,0.9896659221172158,0.4959499263622975,0.28763431895039454,0.338070860275932,0.3779262400751816,0.17570096397288926,0.7930090783836325,0.7758403155716987,0.9181061897371969,0.48939931596344843,0.47092783505154645,0.11044585987261146,0.4536087769710265,0.32073085420462494,0.3851418051257274,0.9844929559876943,0.44651275232684634,0.7265490179347782,0.7265490179347782,0.5276528793335516,0.015904379617735127,0.5161331741634793,0.6168610579396356,2.4710126833302062e-05,0.00022613822908640156,0.008823799046571323,0.3970436965108624,0.0,0.0,0.00015000897375110832,0.0011871466244413448,0.002253909123636307,0.002470276349614396,0.00018605343454640173,0.000707241014010534,1.1298493413537448e-06,0.16451221705597535,0.004918623896262102,0.0004129351391209027,0.0003455905056074696,0.00039970774677864897,0.568949933043048,0.8321026506071413,0.0004115848922463954,0.42378560161524387,0.003782453687735361,0.009158591006561051,0.0036328825106185904,0.9754191316346388,0.00374727081755072,0.6831192152591583,0.2187400927801034,0.027189737110710613,0.3726868724870088,0.6829245140605883,0.0,0.005634306909753479,0.000636943576707115
11,PHB1,MRQ,1998-06-30,0.0014130434782608696,0.018049889895671637,0.009273207554258181,0.0028845534297706416,0.0015806706559783224,0.16640489995788116,0.24632564387817216,0.10017825951714401,0.3921381317572695,0.12868531796472954,0.0571361695601992,0.3012466466782389,0.5653539448478638,0.029671833366053876,0.013660192605251613,0.486271386857791,0.41308283120846156,0.45349304207052743,0.4859654940360664,0.48696621338810314,0.4640309112748007,0.3351357316265725,0.3639466181662342,0.989693643312083,0.49604460340837364,0.28763431895039454,0.3381304568074138,0.37802262677863585,0.17562233649415798,0.7766547760602458,0.7757907058127889,0.9181825120207596,0.4893428405914169,0.4706677240285488,0.11044585987261146,0.4533882045099515,0.3205411451313933,0.3877783933056485,0.9845321113026868,0.44663362746283086,0.7265525325662091,0.7265525325662091,0.5278740587143949,0.01610604289501938,0.5160811396864647,0.616863955719169,2.0028355910284502e-05,0.00033222776865779983,0.010176017601760175,0.39716713298222517,0.0,0.0,0.0004152034094896748,0.0015417909728149114,0.0022186917935794895,0.0022895244215938304,0.0001962018037034782,0.0006042882081735575,1.1298493413537448e-06,0.16477933437924608,0.004953401557121463,0.0004841225597264864,0.0003383153943055992,0.00047017367325647336,0.5689502381015513,0.8321171261659805,0.00047777718873922344,0.42401173575619916,0.003789541560604974,0.00925948271062075,0.004142286472677653,0.9754192045570768,0.0037526884170148885,0.6831502964063653,0.21885817066621807,0.027425212759827632,0.3726986291706835,0.6829339435107035,0.0,0.007190655401668058,0.0004246290511380767
12,PHB1,MRQ,1998-03-31,0.0004728260869565217,0.018049889895671637,0.008163345935071353,0.002620756989658118,0.0011290504685559446,0.1656766767830643,0.24361789215171806,0.09944847223219198,0.3898034979332018,0.12711955918105416,0.056191836767637636,0.3012203461154069,0.5632489865015369,0.029573504575936736,0.013717927992425119,0.48452424044981784,0.4107036644340428,0.45121168584358423,0.4842002087132923,0.48518002978595,0.4640309112748007,0.3351357316265725,0.363700980200012,0.9896813954256716,0.495928887018725,0.28763431895039454,0.3380660925534134,0.37797443342690873,0.17562233649415798,0.77705112960761,0.7757866833999042,0.9181825120207596,0.48937621240216284,0.47324662965900083,0.11044585987261146,0.45581148004121386,0.32211414953027245,0.38547918844732865,0.984515612195755,0.44651275232684634,0.7265494648821278,0.7265494648821278,0.5246462221252137,0.01593933347217433,0.5167250885385274,0.6168613511673265,2.3669733294853716e-05,0.0006365372374283895,0.00833104143747708,0.3972288512179065,0.0,0.00036569225370106155,0.0008089769655863342,0.001052778268846391,0.0021717353535037334,0.002450192802056555,0.00020296738314152916,0.00117873502335089,1.1298493413537448e-06,0.1643555082263232,0.005143229622645474,0.0006151939929360915,0.00027092488961458943,0.0006007641103809056,0.5689539811209654,0.8321082873421188,0.0006934686629865738,0.42409346541317017,0.0037810522832136127,0.009355641855088026,0.003802603859703902,0.9754196691956201,0.003749663813044745,0.6831663641609231,0.21860098732522856,0.027359409183268377,0.3727103858543582,0.6829390448778404,0.0,0.010075594069607278,0.0005166320122179933
13,PHB1,MRQ,1997-12-31,0.0004728260869565217,0.018049889895671637,0.00858904628215671,0.0025797472557210857,0.0011290504685559446,0.16548773239176046,0.2430847379358116,0.09926303447945828,0.3893749609406387,0.12677555503449298,0.05597391381550804,0.30119404555257484,0.5629260034748518,0.029494841543843027,0.013706380914990417,0.4842587900287169,0.4103373072314602,0.45086389287976714,0.48393200237972167,0.48491721258018355,0.4640309112748007,0.3351357316265725,0.3632854861933171,0.9896511897840945,0.49597096570586996,0.28763431895039454,0.33808993116600616,0.37797443342690873,0.17563806198990425,0.7632070664175302,0.7758041138557374,0.9180553082148217,0.4895832887662784,0.4707470261697066,0.11044585987261146,0.45344259224007955,0.3210806303083958,0.38512930944714957,0.9844779480536923,0.44669406503082315,0.7265489976189896,0.7265489976189896,0.5276794354105279,0.01589523398557003,0.516084158751684,0.6168609544475094,2.8611602602483362e-05,0.0009492221961651423,0.008399798313164649,0.39732142857142855,0.0,0.0,0.00013661531538047364,0.0008280967562122059,0.0021678223168307537,0.002349775064267352,0.0002198813317366566,0.0011951477894988137,1.1298493413537448e-06,0.1645104362738202,0.004962578995403795,0.00045622478678646034,0.0003476326421132577,0.0004405924140183423,0.5689506448462225,0.8321114365039138,0.0004833826624962737,0.4240640208635666,0.003783181340083192,0.009355641855088026,0.003743030724101674,0.9754192639275573,0.0037498951062895206,0.6831626063069408,0.2186301024204349,0.027318842925033296,0.3727103858543582,0.6829387794220845,0.0,0.0065019576369532445,0.0006440207275594163
14,PHB1,MRQ,1997-09-30,0.0004728260869565217,0.018049889895671637,0.009383433536985642,0.002164419469693352,0.0012419555154115389,0.16552709580661543,0.24326525471757518,0.09943650850620916,0.3894374559187208,0.12687274006244523,0.05613533822449293,0.30119404555257484,0.5628480420546175,0.029671833366053876,0.013660192605251613,0.4843022273703516,0.41034592740093273,0.4508721736646199,0.4839758906888514,0.4849804833889792,0.4640309112748007,0.3351357316265725,0.36366700899191745,0.9896686244978475,0.4958447296444351,0.28763431895039454,0.3380803957209691,0.3779539512524247,0.175685238477143,0.7775890379933187,0.7758952885477882,0.918157071259572,0.48949344158350094,0.4709151467089612,0.11044585987261146,0.4535664754031491,0.32095218145672855,0.3851501355781126,0.9844942547512137,0.4463918771908618,0.7265491398295099,0.7265491398295099,0.5276248681290698,0.015904630182999924,0.5161251825202517,0.6168610751883233,3.0172192910155882e-05,0.00023730554904128557,0.008606068940227356,0.3974448650427913,0.0,0.0,0.00016474199795880645,0.0008699491948401424,0.002132604986773936,0.0022292737789203084,0.0002164985420176311,0.0006565106459169513,1.1298493413537448e-06,0.16433591962261665,0.0049150012232559185,0.0003855183622660495,0.0003332100530411288,0.0003701264875405179,0.5689500298870174,0.8320886513921029,0.0003716906162520693,0.42375523166550993,0.0037797137622280967,0.009351776335979934,0.003139121672683406,0.9754188735021146,0.0037428762458999827,0.6830989841268069,0.21875303282241731,0.02691172090228392,0.37268099414517153,0.6829196723784301,0.0,0.0048859581575436805,0.0006864836326732239
15,PHB1,MRQ,1997-06-30,0.0004184782608695652,0.018049889895671637,0.009375831745073402,0.0017584913269339955,0.0014677656091227277,0.16639702727491015,0.24622069226086774,0.10011844088722992,0.3920711728521815,0.12864058199948167,0.057079671017054495,0.30119404555257484,0.5653093954648727,0.02961283609198359,0.013660192605251613,0.4861072902338377,0.41291042781901094,0.45333570715832444,0.48579969375713183,0.48680073588817613,0.4640309112748007,0.3351357316265725,0.36393355231696706,0.9896927715763953,0.49607616242373237,0.28763431895039454,0.3380803957209691,0.37797443342690873,0.1756537874856505,0.777532416057981,0.7758121586815067,0.9182333935431347,0.4894378218989245,0.4709056304520222,0.11044585987261146,0.45362388467383985,0.3208257087412408,0.38762011471032937,0.9845311492556353,0.44663362746283086,0.7265522278293799,0.7265522278293799,0.527831860016734,0.01609865121970786,0.5161388571097744,0.6168636797401658,1.6907175294939465e-05,0.00046623560811640815,0.010279152915291528,0.3975580151415405,0.0,0.0,0.00027992745994626463,0.0013831922580143103,0.002120865876754997,0.0022694408740359896,0.00022326412145568206,0.0005699706062278987,1.1298493413537448e-06,0.1644587935913212,0.004952193999452735,0.0004391494257628237,0.00032440333935991725,0.00042327655495211924,0.5689505334756577,0.8320961670387398,0.0004254196785403919,0.4234891791280207,0.003772428255387468,0.009351854698792898,0.0025505208301124377,0.9754179416437029,0.0037356972594179074,0.6830440581795101,0.2188549356556396,0.026506603761839553,0.37263396741047283,0.6828846495309705,0.0,0.006133206077893344,0.00023354597812594215
16,PHB1,MRQ,1997-03-31,0.0004184782608695652,0.018049889895671637,0.009383433536985642,0.0017205895395615066,0.0014677656091227277,0.1656569950756368,0.2435003463403371,0.09935874428732085,0.3897454668821256,0.12706093964038453,0.056111124563145195,0.30119404555257484,0.5632378491557891,0.0294751757858196,0.013660192605251613,0.4844952822220614,0.4106691837561527,0.45118270309659947,0.48417094984053916,0.485175162800658,0.4640309112748007,0.3351357316265725,0.36361735876470236,0.9896811774917497,0.4959394066905113,0.28763431895039454,0.33808397151285796,0.37799491560139276,0.17563806198990425,0.7774380461657514,0.7755426570182389,0.9182333935431347,0.4892589832208247,0.47290087232355277,0.11044585987261146,0.45548515366044534,0.3216458052557318,0.3854500318639804,0.9845150349675242,0.4461501269188928,0.7265494709768644,0.7265494709768644,0.5238095238095238,0.015925260056468226,0.5165819493287198,0.6168613563419328,1.3265797910370254e-05,0.0004969457379923393,0.008388338833883388,0.39760944700460826,0.0,0.00032665037608173113,0.0004808323355057847,0.0008170829565732752,0.0020895615833711597,0.002389942159383033,0.00019958459342250367,0.0011563539786037212,1.1298493413537448e-06,0.1639227781626246,0.005092029177491415,0.0005057673835592653,0.0002647984800972249,0.0004915779990466658,0.5689544266032243,0.8320638021238213,0.0004936991195172279,0.4236147391002587,0.0037737937264599414,0.009369136546537366,0.0025001586579394886,0.9754188728567834,0.0037370761229925313,0.6830665332102825,0.21834865650010676,0.02660292676593142,0.3726457240941475,0.6828917360455001,0.0,0.007732937106167912,0.00018400592215983322
17,PHB1,MRQ,1996-12-31,0.0004184782608695652,0.018049889895671637,0.009394836224853998,0.0017616750770732847,0.0013548605622671335,0.1654857642210177,0.2431351147121177,0.09922714330150982,0.3894553116267443,0.12679252384889733,0.055957771374609555,0.30119404555257484,0.5629260034748518,0.029416178511749314,0.013660192605251613,0.4842877482564734,0.4103631677398778,0.4508887352343255,0.4839612612524748,0.4849658824331033,0.4640309112748007,0.3351357316265725,0.3635206714801255,0.9896597327938335,0.4959499263622975,0.28763431895039454,0.3380660925534134,0.37797443342690873,0.1755908855026655,0.7775984749825416,0.7760816603447743,0.9182333935431347,0.4896140935146592,0.47066455194290246,0.11044585987261146,0.45335798910432473,0.32106086894660085,0.3851418051257274,0.984483576028943,0.44669406503082315,0.7265491134189846,0.7265491134189846,0.527657972279821,0.015895818637854556,0.5160758119243132,0.6168610527650293,6.554557321739966e-05,0.0011139401654996818,0.008422717271727172,0.39759916063199474,0.0,0.0,0.0001259003886839659,0.0006981339204728244,0.002046518179968383,0.0021690231362467864,0.00017252227567029978,0.0012175288342459825,1.1298493413537448e-06,0.16399400944883014,0.005007500140680469,0.00043097249231488505,0.00032989158121922294,0.00041870709214297705,0.5689523735110747,0.8320679569003071,0.00041999310288197086,0.42361234147264815,0.0037742339112135674,0.009369451706280783,0.0025599047184259437,0.9754187960623575,0.0037374853341179035,0.6830658032674226,0.21838262411118084,0.026575927421851504,0.3726398457523102,0.6828902644972876,0.0,0.006154897346073338,0.00160651324347239
18,PHB1,MRQ,1996-09-30,0.0004184782608695652,0.018049889895671637,0.00943664608037131,0.001392132650191518,0.0016935757028339166,0.1655625228799849,0.24334921601141873,0.09946641782116622,0.3895044148238088,0.12693135960311486,0.056207979208536124,0.3011677449897428,0.5645297812625294,0.029593170333960164,0.013660192605251613,0.48433601196940085,0.4110226107045265,0.4515263556679902,0.4840100260403967,0.48501455228602297,0.4640309112748007,0.3351357316265725,0.36368268801103804,0.9896730703498545,0.4958657689880076,0.28763431895039454,0.33809231502726544,0.37797443342690873,0.17563806198990425,0.7773625502519677,0.7758054546600324,0.9182333935431347,0.48941814108745896,0.4710103092783505,0.11044585987261146,0.45366316470115453,0.3208691837371897,0.3857915804117743,0.9845388937343992,0.44675450259881544,0.7265491946821392,0.7265491946821392,0.5276154098002838,0.015910894314619853,0.516148624673719,0.6168611217597801,1.3005699525758167e-05,0.00024847286899616964,0.008984231756508984,0.39759916063199474,0.0,0.0,0.00016742072963293338,0.0007642167183064081,0.0019956487032196466,0.0022493573264781488,0.00015899111679419783,0.0005699706062278987,1.1298493413537448e-06,0.1641044179424487,0.004902684135034895,0.00034198821655790544,0.00030883204850328243,0.00033068480855634317,0.5689500347292158,0.8320741229061747,0.000330245890069623,0.42339773276968057,0.0037681342081990338,0.00938496834054369,0.0020262965873960024,0.9754177919268389,0.0037312582082970206,0.6830215110556156,0.2184877619549816,0.02621512106017832,0.3726457240941475,0.6828917071916136,0.0,0.004251488563278852,0.00017692877130753195
19,PHB1,MRQ,1996-06-30,0.00036413043478260873,0.018049889895671637,0.009474655039932504,0.0014268506874247175,0.0015806706559783224,0.16625728715217503,0.24601498709095107,0.10004665853133299,0.3919060075529645,0.12845546766052499,0.05702317247390978,0.3012203461154069,0.5652091593531429,0.029514507301866454,0.013660192605251613,0.48596732546634813,0.4127509546837691,0.45317837224612145,0.4856582758721582,0.486659593314709,0.4640309112748007,0.3351357316265725,0.3639858157140356,0.9896928151631798,0.4960551230801599,0.28763431895039454,0.33809231502726544,0.37797443342690873,0.1755908855026655,0.7772587433705151,0.7757933874213786,0.9182842750655099,0.4894027387132685,0.4712450436161777,0.11044585987261146,0.45394114643292033,0.3209758950908825,0.3874493404364324,0.9845315821768085,0.44663362746283086,0.7265519495030758,0.7265519495030758,0.5278311324529812,0.01607626738938598,0.5162145113323278,0.6168634606818321,1.3785994679594427e-05,0.0005081130579472232,0.009843692702603593,0.3976300197498354,0.0,0.0,0.0003388595567770572,0.0012025659439358477,0.00195651833648985,0.0020284383033419024,0.00014884274763712137,0.0005058116112860148,1.1298493413537448e-06,0.16424153816839435,0.004944224118839132,0.00040187222916192685,0.0003034714401755885,0.00039129031528812387,0.5689506593728179,0.8320818502611674,0.00038916299721819417,0.42347576082613,0.0037693379787497663,0.009462400822902478,0.0020939817370131896,0.9754176764125344,0.0037326637595537344,0.6830413456757961,0.21857510724060067,0.02623964293957655,0.37265160243598483,0.6828960006499281,0.0,0.005623461275663481,0.00016277446960292938
20,PHB1,MRQ,1996-03-31,0.00036413043478260873,0.018049889895671637,0.009520265791405936,0.001360522559522862,0.0015806706559783224,0.1656688041000933,0.24354652505195104,0.09935874428732085,0.3897945700791901,0.12708716417173674,0.056127267004043684,0.3012203461154069,0.5632601238472846,0.02943584426977274,0.013660192605251613,0.48452424044981784,0.41070797451877905,0.45121582623601064,0.4842002087132923,0.4852043647124098,0.4640309112748007,0.3351357316265725,0.36364349046323663,0.989682136401006,0.4960340837365874,0.28763431895039454,0.33802914270389467,0.37797443342690873,0.17557516000691922,0.7775890379933187,0.7755252265624056,0.9183097158266975,0.48926240597064474,0.472862807295797,0.11044585987261146,0.4554760890387573,0.32155095071911594,0.38547085799494346,0.9845156602981077,0.44651275232684634,0.726549519734757,0.726549519734757,0.5292447888246208,0.01592747338297393,0.5165746680537792,0.6168613977387833,1.6907175294939465e-05,0.0005304476978569913,0.008101851851851851,0.39768145161290325,0.0,0.0002876084984624007,0.00043797262871975374,0.0007972581172232001,0.0019291270797789919,0.0024301092544987144,0.00015222553735614686,0.0010086390832724072,1.1298493413537448e-06,0.16380524654038547,0.005071742208656788,0.0004696926771713005,0.00026505374716044843,0.0004588702652549111,0.5689544411298196,0.832055413180216,0.00045422227241970355,0.4236084295539151,0.0037701285146338297,0.009495721761629423,0.0020036749028897937,0.9754183320691455,0.00373341101465224,0.6830667044314472,0.21811088322258815,0.026296502323890438,0.3726692374614968,0.6829073459981082,0.0,0.00714727286530807,0.00025477743068284597
21,PHB1,MRQ,1995-12-31,0.00036413043478260873,0.018049889895671637,0.009508863103537577,0.0014489853312502513,0.0014677656091227277,0.16549166873324594,0.24313091664742553,0.09925107075347546,0.38943299199171494,0.12679560908787993,0.05598198503595729,0.3012466466782389,0.5628925914376085,0.02943584426977274,0.013660192605251613,0.48426844277130243,0.41034161731619645,0.4508597524873407,0.48394175533730605,0.4849464144919354,0.4640309112748007,0.3351357316265725,0.36346840808305697,0.9896582944299489,0.49597096570586996,0.28763431895039454,0.33807920379033946,0.37797443342690873,0.17557516000691922,0.7775984749825416,0.7759851224355442,0.9182842750655099,0.48955590676771765,0.470943695479778,0.11044585987261146,0.4536299277549652,0.32112212916816524,0.38511681376857176,0.9844810266042567,0.44669406503082315,0.7265490849768806,0.7265490849768806,0.5276874386118084,0.01589598568136442,0.5161413433987784,0.6168610286168665,6.736626190968427e-05,0.0007621695869208349,0.008113311331133112,0.3975271560236998,0.0,0.0,0.00014733024207698139,0.0006122262832891653,0.001901735823068134,0.0021690231362467864,3.0445107471229372e-05,0.0010534011727667447,1.1298493413537448e-06,0.16380702732254063,0.004969824341416161,0.00036820250319982646,0.00031853219690577625,0.0003660380208165486,0.5689520103461898,0.832055624888572,0.0003627457113206061,0.42364662334111514,0.00377184433683674,0.009495733151573166,0.0021339092400031244,0.9754185508364597,0.0037351457139880575,0.68307487798915,0.21813191079134828,0.026340764413581578,0.3726692374614968,0.6829082750932541,0.0,0.00540654859386354,0.0017126705062569091
22,PHB1,MRQ,1995-09-30,0.00036413043478260873,0.018049889895671637,0.009565876542879367,0.0010857346010723174,0.0019193857965451057,0.16553693666032918,0.24322327407065342,0.09942454478022635,0.3894017445026739,0.1268650269649887,0.05615148066539142,0.301272947241071,0.5628591794003652,0.029593170333960164,0.013660192605251613,0.4842636164000097,0.41032868706198766,0.45084319091763514,0.48393687885851383,0.4849415475066434,0.4640309112748007,0.3351357316265725,0.36352328464997896,0.9896656170097251,0.4960025247212287,0.28763431895039454,0.3380911230966358,0.37797322859311555,0.17560661099841174,0.7773531132627447,0.7758604276361217,0.9182842750655099,0.4894540799605699,0.4708548770816812,0.11044585987261146,0.4535543892408984,0.32084744623921524,0.38511264854237914,0.9844905027677132,0.44657318989483863,0.7265490849768806,0.7265490849768806,0.5276874386118084,0.015903335595798474,0.5161242945598932,0.6168610286168665,3.3553471910113006e-05,0.0001619261393458184,0.008342500916758342,0.3975271560236998,0.0,0.0,0.00014733024207698139,0.0006650925215560325,0.0018469533096464182,0.002068605398457583,3.3827897190254856e-05,0.0006356216708195938,1.1298493413537448e-06,0.1639174358161592,0.004896887858225001,0.0003109639690642558,0.0003101083838194,0.0003085589886383915,0.5689501267309867,0.8320616321131725,0.00030394786957112105,0.4233666477380277,0.003765511066401915,0.009563763690968417,0.0016104759473710075,0.9754174640985334,0.003728740670286578,0.6830157436058584,0.21823866614043827,0.02597145260602968,0.3726457240941475,0.6828875060657361,0.0,0.0041755691246488725,0.0007855637446054418
23,PHB1,MRQ,1995-06-30,0.0003097826086956522,0.018049889895671637,0.00960008460648444,0.0009909801326410952,0.0019193857965451057,0.16614313324909563,0.24575890514472828,0.09997487617543607,0.3916872751296771,0.1282718959410596,0.05694246026941734,0.3011677449897428,0.5650309618211787,0.0294751757858196,0.013660192605251613,0.4858177079562731,0.41253976053169206,0.45298377380208094,0.4855071050296002,0.4865087167706579,0.4640309112748007,0.3351357316265725,0.3640171737522767,0.9896928151631798,0.49599200504944246,0.28763431895039454,0.33808158765159874,0.3779756382607019,0.17560661099841174,0.7771738104675086,0.7757960690299682,0.917622815274633,0.48941899677491396,0.470994448850119,0.11044585987261146,0.45368431548509325,0.3208494223753947,0.38724940957918724,0.9845317264838662,0.4469358153027922,0.7265516732083506,0.7265516732083506,0.5278304048892285,0.016054050602573967,0.5161548403962293,0.6168632260996794,2.3149536525629542e-05,0.0005081130579472232,0.009648881554822148,0.3975477287689269,0.0,0.0,0.00033350209342880333,0.0010924279475465412,0.0018430402729734386,0.0024100257069408736,3.0445107471229372e-05,0.0005998119992241237,1.023541824413745e-05,0.16407592542796648,0.004943982607305386,0.0003799869072865616,0.0003002806018852944,0.0003778224249032837,0.5689508966405427,0.8320706032547567,0.00037085575845846613,0.42317445895640105,0.0037637503273874103,0.009625136808244861,0.0014793698463719078,0.9754170426971878,0.0037272016806194166,0.6829782281475161,0.2183470389948175,0.025856529491174684,0.3726280890686355,0.6828752373931873,0.0,0.005769877335878442,0.0005307863139225958
24,PHB1,MRQ,1995-03-31,0.0003097826086956522,0.018049889895671637,0.00965709804582623,0.0008520321801335507,0.0021451958902562944,0.16566683592935055,0.2435339308578745,0.09930490752039815,0.3898213536412253,0.12708099369377152,0.05605462602000049,0.3012466466782389,0.5633046732302757,0.02943584426977274,0.013660192605251613,0.48454837230628156,0.41075107536614175,0.45125308976784817,0.4842245911072533,0.48522869963886966,0.4640309112748007,0.3351357316265725,0.3636330377838229,0.9896829209631249,0.4961182411108773,0.28763431895039454,0.338097082749784,0.37797443342690873,0.17554370901542674,0.7777872147670009,0.7755882443642643,0.9190983794235124,0.48930347896848586,0.472761300555115,0.11044585987261146,0.4554035720652532,0.32170311320493716,0.3855041798044843,0.9845171033686847,0.44675450259881544,0.7265495603663343,0.7265495603663343,0.5283717123212922,0.015926137034895014,0.5165528242289574,0.6168614322361587,2.6010618756362496e-05,0.0007286676270561828,0.008078932893289328,0.39750658327847266,0.0,0.00025984538548865465,0.0005183345789435618,0.0007487973988119053,0.0017921707962247023,0.00261086118251928,3.721068690928034e-05,0.0010116232225720295,1.1298493413537448e-06,0.16365031849288847,0.005075606393196717,0.00045309831223283673,0.00025229039399927235,0.000450452833764386,0.5689552691457573,0.8320450923978626,0.00043955262833210386,0.42315439459902837,0.0037612349859381185,0.009615097825727678,0.0012706098877275811,0.9754173240616391,0.0037245773918806162,0.6829656118511722,0.217929722630193,0.02585396450326422,0.3726280890686355,0.6828765992966311,0.0,0.007472641888007982,0.0006086349732979099
25,PHB1,MRQ,1994-12-31,0.0003097826086956522,0.018049889895671637,0.009691306109431303,0.0008583238768373839,0.0020322908434007,0.16546608251359024,0.24308893600050377,0.09919723398655277,0.3894285280647091,0.1267601288395799,0.05594162893371107,0.3012203461154069,0.5628925914376085,0.029357181237679032,0.013660192605251613,0.48427326914259516,0.41034161731619645,0.45086389287976714,0.4839466318160982,0.4849512814772274,0.4640309112748007,0.3351357316265725,0.3634579554036433,0.9896511897840945,0.4961287607826636,0.28763431895039454,0.338097082749784,0.37797443342690873,0.17557516000691922,0.7771360625106167,0.7760575258674668,0.918335156587885,0.4895610408924478,0.4706613798572562,0.11044585987261146,0.4534063337533275,0.3209877519079595,0.38511681376857176,0.9844711175196272,0.44669406503082315,0.7265490991979326,0.7265490991979326,0.5277019898868639,0.0158919348762502,0.5160914400266247,0.6168610406909479,6.892685221735678e-05,0.0009045529163456063,0.008078932893289328,0.39750658327847266,0.0,0.0,0.00012456102284690243,0.0006276456027836683,0.001796083832897682,0.002329691516709511,4.3976266347331316e-05,0.0010534011727667447,1.1298493413537448e-06,0.16366812631443983,0.004983348987305913,0.0003631520443055114,0.00031751112865288216,0.0003600255697518878,0.568952760886952,0.8320458598406529,0.0003501035790174714,0.4231381159694618,0.0037617290708656576,0.009700309867463005,0.001291365279899317,0.9754173311602835,0.003725164520886585,0.6829627281262937,0.2179378101566392,0.025797718431252486,0.3726222107267982,0.6828723404629806,0.0,0.005422817044998536,0.0014154301704602556
26,PHB1,MRQ,1994-09-30,0.0003097826086956522,0.018049889895671637,0.00996497061827189,0.0007888878023709842,0.0021451958902562944,0.16551135044067344,0.24322327407065342,0.09911946976766443,0.38962940477997304,0.1268449729116017,0.05617569432673915,0.30114144442691076,0.5631264756983115,0.029494841543843027,0.013660192605251613,0.484408407538792,0.4105398812140647,0.4510667721086605,0.4840831732222797,0.4850875570654025,0.4640309112748007,0.3351357316265725,0.36364610363309,0.9896745087137391,0.49598148537765624,0.28763431895039454,0.3380827795822284,0.37797443342690873,0.17566951298139674,0.7770228186399412,0.7757893650084939,0.918335156587885,0.4893804908394379,0.47102934179222844,0.11044585987261146,0.45371453089071995,0.32077828147293286,0.38533340553058737,0.9845089259687477,0.44675450259881544,0.726549342987396,0.726549342987396,0.527515006002401,0.015900370573498374,0.5161640751839588,0.6168612476752003,2.106874944873285e-05,0.00022334639909768055,0.008434176751008434,0.39748601053324556,0.0,0.0,0.0002156378997672182,0.0006606870017004602,0.0017921707962247023,0.002128856041131105,5.074184578538229e-05,0.0005356530042822399,1.1298493413537448e-06,0.16386045078719477,0.004894955765955037,0.00030134404736079854,0.000297855564784671,0.0002977365767220021,0.5689501606263759,0.8320545663467922,0.00028158560724246296,0.4230769974972133,0.0037610193852424647,0.009978252172398132,0.0012208268977706854,0.9754169129855945,0.0037242393479074826,0.682953680439487,0.21803971298986147,0.025710980306729588,0.37261633238496084,0.6828677469242463,0.0,0.004023730247388914,0.00010615726278451917
27,PHB1,MRQ,1994-06-30,0.00025543478260869564,0.018049889895671637,0.010033386745482037,0.0008709830738197952,0.0018064807496895113,0.16616281495652313,0.24567074578619255,0.09991505754552198,0.3916381719326126,0.12825492712665523,0.05689403294672188,0.30119404555257484,0.5650086871296832,0.029396512753725887,0.013660192605251613,0.4857597915007602,0.4124837294301206,0.4529258083081114,0.4854485872840939,0.48645031294715424,0.4640309112748007,0.3351357316265725,0.36398058937432876,0.9896924228821202,0.4961077214390911,0.28763431895039454,0.33809231502726544,0.37797322859311555,0.17557516000691922,0.7771549364890626,0.7757746161612504,0.9184114788714478,0.4893864806516231,0.4713211736716892,0.11044585987261146,0.4540287711092378,0.3209877519079595,0.3871869311862981,0.9845312454603405,0.44669406503082315,0.726551476145201,0.726551476145201,0.5278285859798465,0.016044821448653938,0.5162344016443605,0.6168630587874087,2.4710126833302062e-05,0.00023730554904128557,0.009568665199853318,0.3974448650427913,0.0,0.0,0.0004486875554162615,0.0009756816713738765,0.001760866502840865,0.0019681876606683804,7.442137381856069e-05,0.00041479536264752836,1.1298493413537448e-06,0.16401894039900206,0.004921280523133303,0.00034896265979291195,0.00028726198166089485,0.00034367170285601046,0.5689505141068639,0.8320629023633084,0.00032279180262673694,0.4231768565840116,0.003761890771387398,0.01010509969789463,0.0013650162938992903,0.9754169426708348,0.00372542250181345,0.6829790842533393,0.2180947081696957,0.025786095219750758,0.3726222107267982,0.6828738928020754,0.0,0.005124562107523616,0.00020523737471673704
28,PHB1,MRQ,1994-03-31,0.00025543478260869564,0.018049889895671637,0.010147413624165616,0.0009278357548785285,0.0016935757028339166,0.16560385446558262,0.2435549211813354,0.0992211614385184,0.3899061682543367,0.12703934296750624,0.05598198503595729,0.30129924780390305,0.5633492226132667,0.029357181237679032,0.013660192605251613,0.48458698327662353,0.41081141655244946,0.45130277447696493,0.4842636029375908,0.48526763552120544,0.4640309112748007,0.3351357316265725,0.3638237991831231,0.9896844900873627,0.49616031979802233,0.28763431895039454,0.33810185047230257,0.37797443342690873,0.17555943451117298,0.7775607270256498,0.7756633294047767,0.9184114788714478,0.4893505417785121,0.47263758921490884,0.11044585987261146,0.4552978181455597,0.3217406597923476,0.38556665819737346,0.984520662942775,0.44669406503082315,0.7265496131873846,0.7265496131873846,0.5280825057295646,0.01591970585976522,0.516513576381107,0.6168614770827467,2.9912094525543796e-05,0.0003378114286352418,0.008296662999633296,0.39740371955233705,0.0,0.00025463980180607723,0.0005397644323365772,0.0007201615197506856,0.0017373882828029866,0.002630944730077121,8.118695325661166e-05,0.0008385431431939242,1.1298493413537448e-06,0.16365388005719875,0.0050442098938097936,0.00042183356669660065,0.00025420489697344876,0.0004160616136745263,0.5689544217610258,0.8320414933558111,0.0003863602603396691,0.42337400887542853,0.003764675613706257,0.01016338614041625,0.0014624833135507532,0.9754176841565101,0.0037281001659164297,0.683018149713804,0.21769518436325286,0.025961887224031383,0.3726457240941475,0.6828902875803968,0.0,0.006767675672158173,0.0003467803917627626
29,PHB1,MRQ,1993-12-31,0.00025543478260869564,0.018049889895671637,0.010147413624165616,0.0009025931644884509,0.0016935757028339166,0.1654641143428475,0.2430847379358116,0.09914937908262149,0.38945977555375016,0.1267570436005973,0.055860916729218626,0.3012203461154069,0.562914866129104,0.02929818396360875,0.013660192605251613,0.48429257462776615,0.4103674778246141,0.4508887352343255,0.483966137731267,0.48497074941839524,0.4640309112748007,0.3351357316265725,0.3634527290639364,0.9896528896686855,0.49606564275194615,0.28763431895039454,0.3380946988885247,0.37797925276208144,0.17554370901542674,0.7775890379933187,0.7759448983066982,0.9183860381102602,0.489532803206432,0.4708897700237907,0.11044585987261146,0.4536057554304638,0.3210667973551393,0.3851334746733422,0.9844728011019672,0.44663362746283086,0.726549154050562,0.726549154050562,0.5277063552693805,0.015891099658700877,0.5161411658067067,0.6168610872624047,5.904311360209749e-05,0.0006114107675299005,0.008078932893289328,0.39740371955233705,0.0,0.0,0.00012054292533571204,0.0005505490053111538,0.0017373882828029866,0.0021690231362467864,8.795253269466263e-05,0.0008847973023380731,1.1298493413537448e-06,0.16365566083935387,0.004946397722642841,0.0003246723574916824,0.0003081938808452236,0.00031841940838443517,0.5689518311848466,0.8320415992099891,0.0002957185570341748,0.4235522745914569,0.003765511066401915,0.01016338614041625,0.0014226621742773147,0.9754176041354277,0.0037289274840612043,0.6830561427890793,0.21768871434209588,,,,0.0,0.00455516631779877,0.0011394212872205057
30,PHB1,MRQ,1993-09-30,0.00025543478260869564,0.018049889895671637,0.0101482118123164,0.0008267895897434731,0.0016935757028339166,0.16556784875001476,0.24336756575218824,0.09948232359486038,0.38951205706684283,0.12694227672125483,0.05611706498139584,0.3012435958129504,0.5630136321111952,0.02951299303849865,0.013660192605251613,0.4843232413909602,0.41043689604937633,0.45095176028784006,0.4839971228775126,0.48500167424294044,0.4640309112748007,0.3351357316265725,0.3636931406904517,0.9896727652423638,0.4961049863244267,0.28763431895039454,0.3380966429273817,0.37795342353522327,0.17562225786667926,0.7775649076118756,0.7758016266637705,0.9183994199506449,0.4894396308222044,0.47109735765265665,0.11044585987261146,0.45381479164967053,0.320967599271201,0.3852213651112324,0.9845026245605609,0.4463686087271848,0.7265492149979278,0.7265492149979278,0.5276827094474154,0.015909892053560665,0.5161871621532826,0.6168611390084678,3.4959563777325946e-05,0.00022163221548460586,0.008279725889255591,0.3974450501974984,0.0,0.0,0.00015801302399339959,0.0006603323573520865,0.0017125796302962953,0.0019316356041131104,9.311805259561455e-05,0.0005711403888333508,1.1298493413537448e-06,0.16376311501537708,0.0049007339293999,0.0002937356512855342,0.00030081079157560974,0.0002871154616672575,0.5689504366316884,0.8320475535075007,0.00026661779965714776,0.42355656508297057,0.0037639210112714694,,,,,,0.2177816659010475,,,,0.0,0.00388806221055714,0.00046906648133967637
31,PHB1,MRQ,1993-06-30,0.0002173913043478261,0.018049889895671637,0.010303630447962118,0.0006435723495848617,0.0015806706559783224,0.16603970784473496,0.24548378497512646,0.09994506855214988,0.3914169754216179,0.12808973726104822,0.056748008426354156,0.30126503077165856,0.5647801265202477,0.02928459492481456,0.013660192605251613,0.48560836892782167,0.4122716861913506,0.4527109385027513,0.4852955926384676,0.48629761615060396,0.4640309112748007,0.3351357316265725,0.364043305450811,0.9896922485349827,0.496027214390911,0.28763431895039454,0.33808747221311725,0.3779704803672333,0.17552617508766966,0.7773866806334108,0.7758150186170676,0.9184404304576792,0.4894333962834071,0.47108831720856464,0.11044585987261146,0.4537838420096871,0.32094011516921656,0.3869690398737104,0.98453086064152,0.44660564486885046,0.7265511978188969,0.7265511978188969,0.5278282221979701,0.016024024531675774,0.5161809464307724,0.6168628224803873,3.5899039142544806e-05,0.00025961506248115516,0.009338879721305463,0.3974225847597103,0.0,0.0,0.0002635724637098826,0.0008185918471238087,0.0018174333609854594,0.002029803984575835,0.00010340849892089007,0.0005561256919473001,1.1298493413537448e-06,0.16384734601131512,0.00492187415848325,0.0003267781583525692,0.00029837413982360957,0.00031942637368874454,0.5689507997965734,0.8320509673047407,0.00029214059506158955,,,,,,,,0.2178614153818283,,,,0.0,0.0045313547281541815,0.0004414443615631445
32,PHB1,MRQ,1993-03-31,0.0002173913043478261,0.018049889895671637,0.010301235883509764,0.0006846578870966397,0.00101614542170035,0.16554365205890342,0.243291442245125,0.09918870384992702,0.3896502245355284,0.12689533943799286,0.05589521941612792,0.3012790226710852,0.5631058827460239,0.029300622517603653,0.013660192605251613,0.484431554815512,0.41057512908703786,0.451078973845141,0.48410656081456704,0.48511089912686284,0.4640309112748007,0.3351357316265725,0.3636487168029435,0.9896772982679396,0.49599180517567854,0.28763431895039454,0.3381097803867815,0.3780018060458559,0.17552902140239973,0.7775984749825416,0.7755967048393649,0.9184412191212761,0.48930962622716273,0.4724396225218081,0.11044585987261146,0.4550608447623105,0.32152454163521316,0.38533025661958575,0.9845090702758055,0.44634401063701196,0.7265493693979213,0.7265493693979213,0.5275557495725564,0.015904755465632324,0.5164578124705863,0.6168612700984943,3.615887742877228e-05,0.0005526874155471429,0.008078932893289328,0.39749720210664913,0.0,0.0002055780431950658,0.00038693609349845035,0.0005499212187317347,0.0018140681494466968,0.002695814588688946,8.583490633055267e-05,0.0009432685277748765,1.1298493413537448e-06,0.1635093998586059,0.005032489097565588,0.0003914533729609975,0.0002638099583948918,0.00038535097562840935,0.5689548333478954,0.8320324428235936,0.000352548519698738,,,,,,,,0.21750918096002173,,,,0.0,0.006006241662418793,0.00044355335251713025
33,PHB1,MRQ,1992-12-31,0.0002173913043478261,0.018049889895671637,0.010292683867608496,0.0006183297591947841,0.0005645252342779723,0.1654570899414666,0.24310541760248525,0.09910601057593377,0.3895141283289736,0.12675913693524699,0.05585370105813701,0.3012515385829257,0.5629650175970062,0.029271517195728982,0.013660192605251613,0.4842357392794228,0.4103412423388244,0.45085862216020833,0.48390871231701016,0.484913435799597,0.4640309112748007,0.3351357316265725,0.36361997193455575,0.9896459593699687,0.49597025036818854,0.28763431895039454,0.3380860919574481,0.37797443342690873,0.1755131072007045,0.7775984749825416,0.7759910380640931,0.9184411682397536,0.48956863426292363,0.47076090404440923,0.11044585987261146,0.45345560601528295,0.3210463799161328,0.3851000154113369,0.984467894662005,0.44661186993835367,0.726549064661092,0.726549064661092,0.5277409145476373,0.015891141419578345,0.516109732010012,0.6168610113681788,7.975240708329644e-05,0.0008521865612471663,0.008078932893289328,0.39768185278143514,0.0,0.0,0.00011419299190219414,0.0006271676038793387,0.0017955007904334082,0.0021595437017994856,9.0124283694277e-05,0.0009931499082377164,1.1298493413537448e-06,0.16358529857484005,0.004982914749568238,0.0003527139482611751,0.0003168521567291706,0.0003463065994105874,0.56895305141886,0.8320366769907129,0.00031706706347060044,,,,,,,,0.21755342458219837,,,,0.0,0.005080376994240968,0.0016175819074053892
34,PHB1,MRT,1999-06-30,0.002173913043478261,0.018049889895671637,0.009102167236232814,0.002841876017189219,0.0012419555154115389,0.16692646520470944,0.24739615037467727,0.10304955375302084,0.39113374818094976,0.12948748010020855,0.05990459817428994,0.30172005680921576,0.5639617766293936,0.03236604221526347,0.013660192605251613,0.4856632640749053,0.4120785814649116,0.4524538035715025,0.48535105770825004,0.4863529732413148,0.4640309112748007,0.3351357316265725,0.3638603835610711,0.9896872360547788,0.49444561329686515,0.28763431895039454,0.33787538365267145,0.3779262400751816,0.1770061801198283,0.792688220750052,0.7762814401847091,0.9162744549316915,0.4895901342659186,0.4707660586835845,0.11044585987261146,0.45302259810186823,0.32073480647698394,0.3871744355077203,0.9845222984227624,0.4461501269188928,0.7265514558294124,0.7265514558294124,0.5279610025828514,0.01620092360862257,0.5159887918091696,0.6168631277821595,0.00010508052767843682,0.000421566328296872,0.009339475614228088,0.39700255102040816,0.0,0.0,0.00015268770542523524,0.002488977741762947,0.0024847782873421093,0.0021690231362467864,0.0002638575980839879,0.0006609868548663852,1.1298493413537448e-06,0.16483988097252078,0.005029960713318806,0.0005682968746317374,0.00043225367357185526,0.0005495380273099958,0.5689512646476261,0.83212371558856,0.0005689555863406054,0.4241554672219068,0.0037881221893585875,0.0090786116188815,0.004001434757324091,0.9754189580405164,0.0037512383862880255,0.6831748981842357,0.21909109142786898,0.027475411730176418,0.3727338992217075,0.6829528312648203,0.0,0.008638547552682667,0.0014083530196079541
35,PHB1,MRT,1999-03-31,0.0030434782608695656,0.018049889895671637,0.009098366340276696,0.0017854015959684628,0.002709721124534267,0.1669284333754522,0.24736256585713984,0.10279233364439021,0.3912899856261551,0.12947668176376942,0.05965439034036337,0.30161485455788756,0.564596605337016,0.03213005311898234,0.013660192605251613,0.485687395931369,0.41232856637961507,0.45271050790193895,0.485375440102211,0.4863773081677747,0.4640309112748007,0.3351357316265725,0.36385515722136424,0.9896873668151319,0.4948558804965285,0.28763431895039454,0.3379576268661164,0.37797443342690873,0.17684892516236575,0.7917445218277561,0.7761017724091973,0.9163507772152543,0.48939247046380824,0.4709214908802538,0.11044585987261146,0.4532884936713833,0.3205174314972393,0.3873743663649655,0.9845235971862818,0.4463314396228696,0.7265514558294124,0.7265514558294124,0.5280210265924552,0.016199837825808448,0.5160539680994913,0.6168631277821595,7.412881990959851e-05,0.0006700391972930417,0.008285203520352035,0.39708484200131666,0.0,0.00022774428611276076,0.0003991310194449132,0.0011144555468244025,0.002422169700574434,0.0028116966580976864,0.0002198813317366566,0.0012339416003939064,1.1298493413537448e-06,0.16425044207917003,0.005116421842399717,0.0005745498237389846,0.0003519721821880576,0.0005589174509708666,0.5689538068018206,0.8320871958971556,0.0005789142471643011,0.4235510547458305,0.003771889253648334,0.009077726620252533,0.0025136339247862414,0.9754182197814976,0.003735172401670147,0.683045229692742,0.2185459921453943,0.026623183130844427,0.37266335911965953,0.6829039123856122,0.0,0.008925956856067589,0.0005661720681841022
36,PHB1,MRT,1998-12-31,0.002972826086956522,0.018049889895671637,0.00912117171601341,0.0022686493849676964,0.0020322908434007,0.16694811508287968,0.24732898133960243,0.10274447874045893,0.3912899856261551,0.12947976700275202,0.059646319119914123,0.3015622534322235,0.5645854679912683,0.03199239281281834,0.013717927992425119,0.4856922223026618,0.4123199462101425,0.45271050790193895,0.48538031658100317,0.48635784022660683,0.4640309112748007,0.3351357316265725,0.36384209137209705,0.9896872796415631,0.4949610772143909,0.28763431895039454,0.3379743138949314,0.37797443342690873,0.17678602317938075,0.7913670422588378,0.7760897051705435,0.916427099498817,0.4893531088408772,0.4719968279143537,0.11044585987261146,0.4543430113277556,0.3211241053043447,0.38734937500780986,0.9845234047768715,0.4462710020548773,0.7265514151978352,0.7265514151978352,0.5280206628105788,0.01619937845615632,0.516312542155918,0.6168630932847841,7.933078760184025e-05,0.0009603895161200264,0.008296662999633296,0.397146560236998,0.0,0.0,0.0001379546812175371,0.000880962994479073,0.0023399959304418604,0.0025506105398457584,0.0002198813317366566,0.0012563226451410751,1.1298493413537448e-06,0.16433057727615125,0.005009190721416688,0.00047859110474699845,0.0003595025605531515,0.0004629587319788804,0.5689516956032895,0.8320918534809869,0.00047831388303511125,0.4238548383704545,0.0037794352779962105,0.009093550631130631,0.0031995356116127052,0.9754189606218415,0.0037426182649731173,0.6831062204739241,0.2185799597564684,0.026983363247323526,0.3726868724870088,0.682920693806013,0.0,0.0069195145494181315,0.0021231452556903833
37,PHB1,MRT,1998-09-30,0.0028967391304347825,0.018049889895671637,0.008798095559743271,0.002557612611895552,0.0018064807496895113,0.16694024239990868,0.2473583677924477,0.102672696384562,0.3913748002392665,0.12948439486122595,0.05959789179721866,0.30148335174372737,0.5647191161402414,0.03187439826467778,0.013764116302163924,0.48580805521368764,0.4124621790064393,0.4528595620292891,0.48549735207201583,0.48645517993244625,0.4640309112748007,0.3351357316265725,0.36384993088165735,0.9896877155094069,0.4950347149168946,0.28763431895039454,0.33800887988319084,0.37797443342690873,0.17670739570064947,0.7771266255213938,0.7757933874213786,0.9163762179764418,0.48932658252977146,0.4719682791435369,0.11044585987261146,0.4543369682466303,0.3211003916701908,0.38746600134120285,0.98452412631216,0.4462710020548773,0.7265517808820303,0.7265517808820303,0.5279828294954346,0.016211656154131383,0.516314495668707,0.6168632312742857,2.4710126833302062e-05,0.00022613822908640156,0.008823799046571323,0.3970436965108624,0.0,0.0,0.00015000897375110832,0.0011871466244413448,0.002253909123636307,0.002470276349614396,0.00018605343454640173,0.000707241014010534,1.1298493413537448e-06,0.16451221705597535,0.004918623896262102,0.0004129351391209027,0.0003455905056074696,0.00039970774677864897,0.568949933043048,0.8321081020973073,0.00042810315001983086,0.42378560161524387,0.003782453687735361,0.009158591006561051,0.0036328825106185904,0.9754191316346388,0.00374727081755072,0.6831192152591583,0.2187400927801034,0.027189737110710613,0.3726868724870088,0.6829245140605883,0.0,0.005634306909753479,0.000636943576707115
38,PHB1,MRT,1998-06-30,0.002826086956521739,0.018049889895671637,0.009273207554258181,0.0028845534297706416,0.0015806706559783224,0.16693433788768045,0.2473919523099851,0.10263680520661354,0.3914372952173486,0.12949210795868246,0.059525250813175466,0.30143075061806324,0.5646968414487459,0.03193339553874806,0.013764116302163924,0.4858418398127368,0.41247510926064807,0.4528802639914211,0.48553148742356117,0.48648924882949,0.4640309112748007,0.3351357316265725,0.36385777039121764,0.9896878898565445,0.4949295181990322,0.28763431895039454,0.33801841532822796,0.3780021446041518,0.17669167020490323,0.7617065851310798,0.775848360397468,0.916427099498817,0.489420708149824,0.4719555908009517,0.11044585987261146,0.45429466667875285,0.3213217189222944,0.3874743317935881,0.9845241744145126,0.4461501269188928,0.7265516793030872,0.7265516793030872,0.5279861035323221,0.01619553645542943,0.5162995779346824,0.6168632312742857,2.0028355910284502e-05,0.00033222776865779983,0.010176017601760175,0.39716713298222517,0.0,0.0,0.0004152034094896748,0.0015417909728149114,0.0022186917935794895,0.0022895244215938304,0.0001962018037034782,0.0006042882081735575,1.1298493413537448e-06,0.16477933437924608,0.004953401557121463,0.0004841225597264864,0.0003383153943055992,0.00047017367325647336,0.5689502381015513,0.8321171261659805,0.00047777718873922344,0.42401173575619916,0.003789541560604974,0.00925948271062075,0.004142286472677653,0.9754192045570768,0.0037526884170148885,0.6831502964063653,0.21885817066621807,0.027425212759827632,0.3726986291706835,0.6829339435107035,0.0,0.007190655401668058,0.0004246290511380767
39,PHB1,MRT,1998-03-31,0.0018315217391304348,0.018049889895671637,0.008163345935071353,0.002620756989658118,0.0011290504685559446,0.16692646520470944,0.24728700069268067,0.10257698657669945,0.39137033631226065,0.1294473719934346,0.059468752270030754,0.30137814949239916,0.5646522920657548,0.03187439826467778,0.013764116302163924,0.48567774318878354,0.41230270587119744,0.45272292907921813,0.48536568714462663,0.486323771329563,0.4640309112748007,0.3351357316265725,0.3638447045419505,0.98968714888121,0.4949610772143909,0.28763431895039454,0.3379683542417832,0.3779539512524247,0.17672312119639572,0.762584225128815,0.7758698132661858,0.9164779810211922,0.48951568945733154,0.4721934972244251,0.11044585987261146,0.4545303468426412,0.32160628253214185,0.38731605319826895,0.984523356674519,0.4461501269188928,0.7265513745662578,0.7265513745662578,0.527942813489032,0.016232703636374343,0.5163745217889489,0.6168629552952825,2.3669733294853716e-05,0.0006365372374283895,0.00833104143747708,0.3972288512179065,0.0,0.00036569225370106155,0.0008089769655863342,0.001052778268846391,0.0021717353535037334,0.002450192802056555,0.00020296738314152916,0.00117873502335089,1.1298493413537448e-06,0.1643555082263232,0.005143229622645474,0.0006151939929360915,0.00027092488961458943,0.0006007641103809056,0.5689539811209654,0.8321082873421188,0.0006934686629865738,0.42409346541317017,0.0037810522832136127,0.009355641855088026,0.003802603859703902,0.9754196691956201,0.003749663813044745,0.6831663641609231,0.21860098732522856,0.027359409183268377,0.3727103858543582,0.6829390448778404,0.0,0.010075594069607278,0.0005166320122179933
40,PHB1,MRT,1997-12-31,0.0017771739130434782,0.018049889895671637,0.00858904628215671,0.0025797472557210857,0.0011290504685559446,0.16690678349728197,0.2471694548812997,0.1024872586318283,0.3913123052611844,0.129388752452765,0.059388040065538314,0.3013518489295671,0.5646411547200071,0.03177606947456064,0.013706380914990417,0.4856487849610271,0.4122682251933073,0.45269394633223337,0.48533642827187345,0.48631890434427105,0.4640309112748007,0.3351357316265725,0.3638368650323902,0.9896872360547788,0.49497159688617715,0.28763431895039454,0.3379862332012277,0.37797443342690873,0.176738846692142,0.7629711416869562,0.7756257868845206,0.9165288625435672,0.48939846027599343,0.47184773988897705,0.11044585987261146,0.4542040204618727,0.32113793825760123,0.3872868966149207,0.984523452879224,0.4457875015109392,0.7265513806609945,0.7265513806609945,0.5279384481065154,0.016208231762179153,0.5162821739116537,0.6168629604698888,2.8611602602483362e-05,0.0009492221961651423,0.008399798313164649,0.39732142857142855,0.0,0.0,0.00013661531538047364,0.0008280967562122059,0.0021678223168307537,0.002349775064267352,0.0002198813317366566,0.0011951477894988137,1.1298493413537448e-06,0.1645104362738202,0.004962578995403795,0.00045622478678646034,0.0003476326421132577,0.0004405924140183423,0.5689506448462225,0.8321114365039138,0.0004833826624962737,0.4240640208635666,0.003783181340083192,0.009355641855088026,0.003743030724101674,0.9754192639275573,0.0037498951062895206,0.6831626063069408,0.2186301024204349,0.027318842925033296,0.3727103858543582,0.6829387794220845,0.0,0.0065019576369532445,0.0006440207275594163
41,PHB1,MRT,1997-09-30,0.0017228260869565216,0.018049889895671637,0.009383433536985642,0.002164419469693352,0.0012419555154115389,0.16690481532653922,0.24721983165760583,0.10245136745387984,0.39139265594728995,0.12940572126716934,0.059371897624639826,0.3013518489295671,0.5646411547200071,0.03169740644246693,0.013660192605251613,0.48567774318878354,0.41229408570172493,0.4527187886867917,0.48536568714462663,0.48636757419719073,0.4640309112748007,0.3351357316265725,0.3638447045419505,0.9896874539887007,0.4949505575426047,0.28763431895039454,0.337962394588635,0.37797443342690873,0.17669167020490323,0.7773625502519677,0.7759033333735574,0.9167069478718802,0.4894292650243742,0.4717652656621729,0.11044585987261146,0.45411941732611794,0.32111817689580624,0.3872993922934985,0.984523452879224,0.4457875015109392,0.726551476145201,0.726551476145201,0.5279286259958529,0.01618238177902758,0.5162567782453975,0.6168630587874087,3.0172192910155882e-05,0.00023730554904128557,0.008606068940227356,0.3974448650427913,0.0,0.0,0.00016474199795880645,0.0008699491948401424,0.002132604986773936,0.0022292737789203084,0.0002164985420176311,0.0006565106459169513,1.1298493413537448e-06,0.16433591962261665,0.0049150012232559185,0.0003855183622660495,0.0003332100530411288,0.0003701264875405179,0.5689500298870174,0.8320886513921029,0.0003716906162520693,0.42375523166550993,0.0037797137622280967,0.009351776335979934,0.003139121672683406,0.9754188735021146,0.0037428762458999827,0.6830989841268069,0.21875303282241731,0.02691172090228392,0.37268099414517153,0.6829196723784301,0.0,0.0048859581575436805,0.0006864836326732239
42,PHB1,MRT,1997-06-30,0.0016684782608695652,0.018049889895671637,0.009375831745073402,0.0017584913269339955,0.0014677656091227277,0.16694024239990868,0.24730379295144939,0.10248127676883688,0.39145961485237796,0.12946434080783897,0.059444538608683026,0.3013255483667351,0.566322893927919,0.03161874341037322,0.013660192605251613,0.4857115277878328,0.41297076900531865,0.453372970690162,0.485399822496172,0.48640164309423456,0.4640309112748007,0.3351357316265725,0.36384209137209705,0.989687497575485,0.49497159688617715,0.28763431895039454,0.3379743138949314,0.37799491560139276,0.17664449371766447,0.7771360625106167,0.7758134994858015,0.916783270155443,0.48935396452833224,0.47186042823156227,0.11044585987261146,0.45421610662412343,0.3210351791762674,0.3879408371271602,0.9845272529650771,0.4461501269188928,0.7265515513136189,0.7265515513136189,0.5279209865764488,0.016189021758544704,0.5162798652147212,0.6168631053588655,1.6907175294939465e-05,0.00046623560811640815,0.010279152915291528,0.3975580151415405,0.0,0.0,0.00027992745994626463,0.0013831922580143103,0.002120865876754997,0.0022694408740359896,0.00022326412145568206,0.0005699706062278987,1.1298493413537448e-06,0.1644587935913212,0.004952193999452735,0.0004391494257628237,0.00032440333935991725,0.00042327655495211924,0.5689505334756577,0.8320961670387398,0.0004254196785403919,0.4234891791280207,0.003772428255387468,0.009351854698792898,0.0025505208301124377,0.9754179416437029,0.0037356972594179074,0.6830440581795101,0.2188549356556396,0.026506603761839553,0.37263396741047283,0.6828846495309705,0.0,0.006133206077893344,0.00023354597812594215
43,PHB1,MRT,1997-03-31,0.0016141304347826086,0.018049889895671637,0.009383433536985642,0.0017205895395615066,0.0014677656091227277,0.16680050227717355,0.2470980877815327,0.10240949441293996,0.3912944495531609,0.12927922646888226,0.059388040065538314,0.3013518489295671,0.5662226578161892,0.03152041462025608,0.013660192605251613,0.4855715630203432,0.4128112958700768,0.45321563577795904,0.48525840461119835,0.4862605005207674,0.4640309112748007,0.3351357316265725,0.3638708362404848,0.9896871924679944,0.4949505575426047,0.28763431895039454,0.3379862332012277,0.37799491560139276,0.17658159173467944,0.7768623898231509,0.7757947282256734,0.9168341516778181,0.48931888134267626,0.47219984139571775,0.11044585987261146,0.4545333683832039,0.32118536552590915,0.38777006285326326,0.9845272529650771,0.4461501269188928,0.7265512729873148,0.7265512729873148,0.5279340827239988,0.016168475406831338,0.5163553418452029,0.6168628863005317,1.3265797910370254e-05,0.0004969457379923393,0.008388338833883388,0.39760944700460826,0.0,0.00032665037608173113,0.0004808323355057847,0.0008170829565732752,0.0020895615833711597,0.002389942159383033,0.00019958459342250367,0.0011563539786037212,1.1298493413537448e-06,0.1639227781626246,0.005092029177491415,0.0005057673835592653,0.0002647984800972249,0.0004915779990466658,0.5689544266032243,0.8320638021238213,0.0004936991195172279,0.4236147391002587,0.0037737937264599414,0.009369136546537366,0.0025001586579394886,0.9754188728567834,0.0037370761229925313,0.6830665332102825,0.21834865650010676,0.02660292676593142,0.3726457240941475,0.6828917360455001,0.0,0.007732937106167912,0.00018400592215983322
44,PHB1,MRT,1996-12-31,0.001559782608695652,0.018049889895671637,0.009394836224853998,0.0017616750770732847,0.0013548605622671335,0.16681231130163005,0.24714426649314666,0.10240949441293996,0.3913435527502254,0.12930545100023447,0.0594041825064368,0.30137814949239916,0.5662449325076847,0.031481083104209225,0.013660192605251613,0.48560052124809966,0.41285008663270323,0.45324875891737015,0.4852876634839515,0.48628970243251923,0.4640309112748007,0.3351357316265725,0.3638734494103382,0.9896872796415631,0.4950452345886808,0.28763431895039454,0.33793140439226443,0.37797443342690873,0.17651868975169444,0.7770133816507182,0.7757772977698402,0.9169104739613809,0.4893223040924964,0.47216177636796197,0.11044585987261146,0.45452430376151587,0.3210905109892933,0.3877908889842263,0.9845272048627246,0.44651275232684634,0.7265513197136286,0.7265513197136286,0.527926807086471,0.016171022820356776,0.5163530331482706,0.6168629259725134,6.554557321739966e-05,0.0011139401654996818,0.008422717271727172,0.39759916063199474,0.0,0.0,0.0001259003886839659,0.0006981339204728244,0.002046518179968383,0.0021690231362467864,0.00017252227567029978,0.0012175288342459825,1.1298493413537448e-06,0.16399400944883014,0.005007500140680469,0.00043097249231488505,0.00032989158121922294,0.00041870709214297705,0.5689523735110747,0.8320679569003071,0.00041999310288197086,0.42361234147264815,0.0037742339112135674,0.009369451706280783,0.0025599047184259437,0.9754187960623575,0.0037374853341179035,0.6830658032674226,0.21838262411118084,0.026575927421851504,0.3726398457523102,0.6828902644972876,0.0,0.006154897346073338,0.00160651324347239
45,PHB1,MRT,1996-09-30,0.0015054347826086957,0.018049889895671637,0.009482256831844742,0.001392132650191518,0.0016935757028339166,0.1668182158138583,0.24714006842845448,0.1024334218649056,0.3913212331151961,0.1293085362392171,0.05942839616778453,0.30143075061806324,0.5646411547200071,0.03150074886223265,0.013660192605251613,0.4855812157629287,0.4122208142612084,0.45263598083826384,0.4852681575687827,0.48627023449135137,0.4640309112748007,0.3351357316265725,0.3638708362404848,0.9896871924679944,0.49506627393225333,0.28763431895039454,0.3379445156291904,0.37797443342690873,0.1765029642559482,0.7770133816507182,0.7756807598606099,0.916961355483756,0.4892641173455548,0.47244091990483744,0.11044585987261146,0.45479624241215627,0.3211517712108577,0.3871786007339129,0.984523116162756,0.44651275232684634,0.7265512933031034,0.7265512933031034,0.5279242606133363,0.016168684211218667,0.51641590074166,0.6168629035492194,1.3005699525758167e-05,0.00024847286899616964,0.008984231756508984,0.39759916063199474,0.0,0.0,0.00016742072963293338,0.0007642167183064081,0.0019956487032196466,0.0022493573264781488,0.00015899111679419783,0.0005699706062278987,1.1298493413537448e-06,0.1641044179424487,0.004902684135034895,0.00034198821655790544,0.00030883204850328243,0.00033068480855634317,0.5689500347292158,0.8320735936352848,0.0003286358071819596,0.42339773276968057,0.0037681342081990338,0.00938496834054369,0.0020262965873960024,0.9754177919268389,0.0037312582082970206,0.6830215110556156,0.2184877619549816,0.02621512106017832,0.3726457240941475,0.6828917071916136,0.0,0.004251488563278852,0.00017692877130753195
46,PHB1,MRT,1996-06-30,0.001451086956521739,0.018049889895671637,0.009474655039932504,0.0014268506874247175,0.0015806706559783224,0.16679262959420257,0.24701412648768917,0.10239154882396573,0.3912185627940612,0.12924220360109093,0.059371897624639826,0.30153595286939144,0.5645409186082772,0.03150074886223265,0.013660192605251613,0.4855088201935375,0.4121346125664831,0.4525366114200304,0.4851950103868998,0.48619722971197177,0.4640309112748007,0.3351357316265725,0.3638603835610711,0.9896869309472881,0.49520302966547447,0.28763431895039454,0.3379433236985608,0.37797322859311555,0.17647151326445568,0.7770039446614952,0.7757357328366994,0.9170122370061312,0.4893000562186658,0.47228548770816814,0.11044585987261146,0.4546874669519001,0.32113003371288323,0.3870869657576755,0.9845227794462881,0.4463314396228696,0.7265511856294238,0.7265511856294238,0.5279271708683474,0.016161710144681814,0.5163905050754038,0.6168628121311746,1.3785994679594427e-05,0.0005081130579472232,0.009843692702603593,0.3976300197498354,0.0,0.0,0.0003388595567770572,0.0012025659439358477,0.00195651833648985,0.0020284383033419024,0.00014884274763712137,0.0005058116112860148,1.1298493413537448e-06,0.16424153816839435,0.004944224118839132,0.00040187222916192685,0.0003034714401755885,0.00039129031528812387,0.5689506593728179,0.8320818502611674,0.00038916299721819417,0.42347576082613,0.0037693379787497663,0.009462400822902478,0.0020939817370131896,0.9754176764125344,0.0037326637595537344,0.6830413456757961,0.21857510724060067,0.02623964293957655,0.37265160243598483,0.6828960006499281,0.0,0.005623461275663481,0.00016277446960292938
47,PHB1,MRT,1996-03-31,0.0013967391304347827,0.018049889895671637,0.009520265791405936,0.001360522559522862,0.0015806706559783224,0.16667847569112318,0.24675804454146638,0.10231976646806881,0.3909998303707738,0.12905863188162553,0.059291185420147385,0.30148335174372737,0.564362721076313,0.031461417346185794,0.013660192605251613,0.48535920268346244,0.41192341841440605,0.45234201297598986,0.4850438395443418,0.4860463531679207,0.4640309112748007,0.3351357316265725,0.3638734494103382,0.9896864950794443,0.495139911634757,0.28763431895039454,0.337932596322894,0.37797443342690873,0.17648723876020192,0.7769190117584887,0.7757384144452891,0.9163507772152543,0.4893163142803112,0.4720348929421095,0.11044585987261146,0.4544306360040731,0.32100356099739547,0.3868870349004303,0.9845222022180572,0.44663362746283086,0.7265509073031197,0.7265509073031197,0.5279446323984139,0.016140537379806454,0.5163294134027316,0.6168625758241532,1.6907175294939465e-05,0.0005304476978569913,0.008101851851851851,0.39768145161290325,0.0,0.0002876084984624007,0.00043797262871975374,0.0007972581172232001,0.0019291270797789919,0.0024301092544987144,0.00015222553735614686,0.0010086390832724072,1.1298493413537448e-06,0.16380524654038547,0.005071742208656788,0.0004696926771713005,0.00026505374716044843,0.0004588702652549111,0.5689544411298196,0.832055413180216,0.00045422227241970355,0.4236084295539151,0.0037701285146338297,0.009495721761629423,0.0020036749028897937,0.9754183320691455,0.00373341101465224,0.6830667044314472,0.21811088322258815,0.026296502323890438,0.3726692374614968,0.6829073459981082,0.0,0.00714727286530807,0.00025477743068284597
48,PHB1,MRT,1995-12-31,0.001342391304347826,0.018049889895671637,0.009508863103537577,0.0014489853312502513,0.0014677656091227277,0.1666765075203804,0.24674545034738984,0.10226592970114612,0.39102661393280896,0.1290524614036603,0.059218544436104185,0.3015096523065594,0.5644072704593041,0.031461417346185794,0.013660192605251613,0.4853833345399262,0.4119665192617687,0.4523792765078274,0.4850682219383028,0.48607068809438053,0.4640309112748007,0.3351357316265725,0.3638734494103382,0.9896866258397974,0.4952240690090469,0.28763431895039454,0.33800053636878336,0.37797443342690873,0.17645578776870943,0.7771171885321708,0.7758014322471477,0.917139440812069,0.4893573872781523,0.4719333862014275,0.11044585987261146,0.45435811903056894,0.3211557234832167,0.38692035670997116,0.9845224908321727,0.44687537773479996,0.7265509479346969,0.7265509479346969,0.5279359016333807,0.016140161531909256,0.516312542155918,0.6168626103215286,6.736626190968427e-05,0.0007621695869208349,0.008113311331133112,0.3975271560236998,0.0,0.0,0.00014733024207698139,0.0006122262832891653,0.001901735823068134,0.0021690231362467864,3.0445107471229372e-05,0.0010534011727667447,1.1298493413537448e-06,0.16380702732254063,0.004969824341416161,0.00036820250319982646,0.00031853219690577625,0.0003660380208165486,0.5689520103461898,0.832055624888572,0.0003627457113206061,0.42364662334111514,0.00377184433683674,0.009495733151573166,0.0021339092400031244,0.9754185508364597,0.0037351457139880575,0.68307487798915,0.21813191079134828,0.026340764413581578,0.3726692374614968,0.6829082750932541,0.0,0.00540654859386354,0.0017126705062569091
49,PHB1,MRT,1995-09-30,0.0012880434782608695,0.018049889895671637,0.009634292670089514,0.0010857346010723174,0.0019193857965451057,0.1666509213007247,0.24670346970046808,0.10221209293422343,0.3910221500058031,0.12901698115536028,0.05917818833385797,0.30148335174372737,0.5644072704593041,0.031382754314092084,0.013660192605251613,0.48538816091121895,0.4119665192617687,0.4523834169002538,0.485073098417095,0.48607555507967254,0.4640309112748007,0.3351357316265725,0.36387867575004507,0.9896867130133662,0.4953818640858405,0.28763431895039454,0.33801841532822796,0.37797443342690873,0.17645578776870943,0.7766547760602458,0.7758738356790704,0.9171903223344442,0.48936252140288244,0.47165107057890565,0.11044585987261146,0.45413452502893126,0.32102134622301093,0.38692035670997116,0.9845226351392303,0.44687537773479996,0.7265509479346969,0.7265509479346969,0.5279308086871113,0.01613297866098507,0.5162594421264733,0.6168626103215286,3.3553471910113006e-05,0.0001619261393458184,0.008342500916758342,0.3975271560236998,0.0,0.0,0.00014733024207698139,0.0006650925215560325,0.0018469533096464182,0.002068605398457583,3.3827897190254856e-05,0.0006356216708195938,1.1298493413537448e-06,0.1639174358161592,0.004896887858225001,0.0003109639690642558,0.0003101083838194,0.0003085589886383915,0.5689501267309867,0.8320609440610157,0.00030180109238756985,0.4233666477380277,0.003765511066401915,0.009563763690968417,0.0016104759473710075,0.9754174640985334,0.003728740670286578,0.6830157436058584,0.21823866614043827,0.02597145260602968,0.3726457240941475,0.6828875060657361,0.0,0.0041755691246488725,0.0007855637446054418
50,PHB1,MRT,1995-06-30,0.0012336956521739131,0.018049889895671637,0.00960008460648444,0.0009909801326410952,0.0019193857965451057,0.16662533508106897,0.24670346970046808,0.10190701792166151,0.39124981028310224,0.1289969271019733,0.0592024019952057,0.3013518489295671,0.5646745667572504,0.031284425523974944,0.013660192605251613,0.48553295205000124,0.41217771341384574,0.4526069980912791,0.4852193927808608,0.48622156463843164,0.4640309112748007,0.3351357316265725,0.3638917415993122,0.9896876283358382,0.49536082474226806,0.28763431895039454,0.3380100718138205,0.3779756382607019,0.17651868975169444,0.7763244814374423,0.7758027730514426,0.9172412038568194,0.48928893228175047,0.47182553528945287,0.11044585987261146,0.45429466667875285,0.32095218145672855,0.38714111369817944,0.9845244149262755,0.4470566904387767,0.7265512181346856,0.7265512181346856,0.5279078904288989,0.016131725834661086,0.5162969140536066,0.6168628397290749,2.3149536525629542e-05,0.0005081130579472232,0.009648881554822148,0.3975477287689269,0.0,0.0,0.00033350209342880333,0.0010924279475465412,0.0018430402729734386,0.0024100257069408736,3.0445107471229372e-05,0.0005998119992241237,1.023541824413745e-05,0.16407592542796648,0.004943982607305386,0.0003799869072865616,0.0003002806018852944,0.0003778224249032837,0.5689508966405427,0.8320706032547567,0.00037085575845846613,0.42317445895640105,0.0037637503273874103,0.009625136808244861,0.0014793698463719078,0.9754170426971878,0.0037272016806194166,0.6829782281475161,0.2183470389948175,0.025856529491174684,0.3726280890686355,0.6828752373931873,0.0,0.005769877335878442,0.0005307863139225958
51,PHB1,MRT,1995-03-31,0.0011793478260869565,0.018049889895671637,0.00965709804582623,0.0008520321801335507,0.0021451958902562944,0.16664501678849644,0.24661531034193238,0.10184719929174742,0.39120070708603777,0.12897995828756895,0.05915397467251023,0.30137814949239916,0.5646522920657548,0.031205762491881235,0.013660192605251613,0.4854750355944883,0.4121216823122743,0.45254903259730955,0.4851608750353545,0.486163160814928,0.4640309112748007,0.3351357316265725,0.36386560990077793,0.9896873232283475,0.4954765411319167,0.28763431895039454,0.3380207991894872,0.37797322859311555,0.17648723876020192,0.7763056074589963,0.7757813201827247,0.9180298674536341,0.4892564161584596,0.472152260111023,0.11044585987261146,0.4546391223028974,0.3210905109892933,0.3870786353052903,0.9845240782098075,0.4468149401668077,0.7265510231031148,0.7265510231031148,0.527915529848303,0.016128468486218725,0.5163761201175944,0.616862674141673,2.6010618756362496e-05,0.0007286676270561828,0.008078932893289328,0.39750658327847266,0.0,0.00025984538548865465,0.0005183345789435618,0.0007487973988119053,0.0017921707962247023,0.00261086118251928,3.721068690928034e-05,0.0010116232225720295,1.1298493413537448e-06,0.16365031849288847,0.005075606393196717,0.00045309831223283673,0.00025229039399927235,0.000450452833764386,0.5689552691457573,0.8320450923978626,0.00043955262833210386,0.42315439459902837,0.0037612349859381185,0.009615097825727678,0.0012706098877275811,0.9754173240616391,0.0037245773918806162,0.6829656118511722,0.217929722630193,0.02585396450326422,0.3726280890686355,0.6828765992966311,0.0,0.007472641888007982,0.0006086349732979099
52,PHB1,MRT,1994-12-31,0.001125,0.018049889895671637,0.009691306109431303,0.0008583238768373839,0.0020322908434007,0.1665820353247285,0.24663630066539324,0.10176345320986768,0.3912855216991492,0.1289383075613037,0.05908133368846704,0.30143075061806324,0.5646968414487459,0.031127099459787526,0.013660192605251613,0.48551364656483026,0.412182023498582,0.4525987173064263,0.48519988686569204,0.4862020966972638,0.4640309112748007,0.3351357316265725,0.3639021942787259,0.9896876719226226,0.49551861981906165,0.28763431895039454,0.33802556691200575,0.37797322859311555,0.1765029642559482,0.7760791197176453,0.7758564052232372,0.9173429669015697,0.48930347896848586,0.47202854877081685,0.11044585987261146,0.4545333683832039,0.3211280575767037,0.38714111369817944,0.984524799745096,0.44675450259881544,0.7265510759241652,0.7265510759241652,0.527907162865146,0.016123164854780516,0.5163510796354817,0.6168627189882611,6.892685221735678e-05,0.0009045529163456063,0.008078932893289328,0.39750658327847266,0.0,0.0,0.00012456102284690243,0.0006276456027836683,0.001796083832897682,0.002329691516709511,4.3976266347331316e-05,0.0010534011727667447,1.1298493413537448e-06,0.16366812631443983,0.004983348987305913,0.0003631520443055114,0.00031751112865288216,0.0003600255697518878,0.568952760886952,0.8320458598406529,0.0003501035790174714,0.4231381159694618,0.0037617290708656576,0.009700309867463005,0.001291365279899317,0.9754173311602835,0.003725164520886585,0.6829627281262937,0.2179378101566392,0.025797718431252486,0.3726222107267982,0.6828723404629806,0.0,0.005422817044998536,0.0014154301704602556
53,PHB1,MRT,1994-09-30,0.0010706521739130435,0.018049889895671637,0.010101802872692186,0.0007888878023709842,0.0021451958902562944,0.16658006715398577,0.24663210260070106,0.10171559830593639,0.39131676918819025,0.12893522232232107,0.05900062148397459,0.30143075061806324,0.5647191161402414,0.03106810218571724,0.013660192605251613,0.48553295205000124,0.4122078840069996,0.45262355966098466,0.4852193927808608,0.48622156463843164,0.4640309112748007,0.3351357316265725,0.3639021942787259,0.9896878026829757,0.4954555017883442,0.28763431895039454,0.33802318305074647,0.37797804792828826,0.17647151326445568,0.7765320952003474,0.7757437776624686,0.9173938484239448,0.48927524128247013,0.4722569389373513,0.11044585987261146,0.4547327900603402,0.32120710302388356,0.38715777460294987,0.9845249440521537,0.44669406503082315,0.7265511104610058,0.7265511104610058,0.5279006147913712,0.016112975200678767,0.5163899722991887,0.61686274831103,2.106874944873285e-05,0.00022334639909768055,0.008434176751008434,0.39748601053324556,0.0,0.0,0.0002156378997672182,0.0006606870017004602,0.0017921707962247023,0.002128856041131105,5.074184578538229e-05,0.0005356530042822399,1.1298493413537448e-06,0.16386045078719477,0.004894955765955037,0.00030134404736079854,0.000297855564784671,0.0002977365767220021,0.5689501606263759,0.8320533754872899,0.0002777691144717053,0.4230769974972133,0.0037610193852424647,0.009978252172398132,0.0012208268977706854,0.9754169129855945,0.0037242393479074826,0.682953680439487,0.21803971298986147,0.025710980306729588,0.37261633238496084,0.6828677469242463,0.0,0.004023730247388914,0.00010615726278451917
54,PHB1,MRT,1994-06-30,0.001016304347826087,0.018049889895671637,0.010033386745482037,0.0008709830738197952,0.0018064807496895113,0.16663656546332709,0.24677639428223588,0.10207845213313234,0.39119942147506004,0.12903252613197416,0.058941992138631286,0.30153290200410293,0.5646062725531251,0.031086253680372867,0.013660192605251613,0.48544778590216947,0.4121048988423113,0.45250854784016425,0.48513334243609374,0.48613568181596956,0.4640309112748007,0.3351357316265725,0.36389696793901904,0.9896870617076412,0.4955790027351147,0.28763431895039454,0.3380370463958998,0.3779570380366028,0.1764242581497382,0.7770741841722818,0.7757560393177451,0.9174581117867046,0.48933438126523654,0.4723249547977796,0.11044585987261146,0.45483305081929076,0.3213964208221517,0.3870457341835949,0.9845235009815766,0.4463081711591925,0.7265510027873262,0.7265510027873262,0.5279020699188767,0.0161245429637369,0.516413414452656,0.6168626568929853,2.4710126833302062e-05,0.00023730554904128557,0.009568665199853318,0.3974448650427913,0.0,0.0,0.0004486875554162615,0.0009756816713738765,0.001760866502840865,0.0019681876606683804,7.442137381856069e-05,0.00041479536264752836,1.1298493413537448e-06,0.16401894039900206,0.004921280523133303,0.00034896265979291195,0.00028726198166089485,0.00034367170285601046,0.5689505141068639,0.8320629023633084,0.00032279180262673694,0.4231768565840116,0.003761890771387398,0.01010509969789463,0.0013650162938992903,0.9754169426708348,0.00372542250181345,0.6829790842533393,0.2180947081696957,0.025786095219750758,0.3726222107267982,0.6828738928020754,0.0,0.005124562107523616,0.00020523737471673704
55,PHB1,MRT,1994-03-31,0.0009782608695652173,0.018049889895671637,0.010147413624165616,0.0009278357548785285,0.0016935757028339166,0.1665134583515389,0.2465894334711698,0.10210846313976024,0.3909782249640654,0.12886733626636718,0.05879596761826356,0.3016038872231866,0.5643777119436895,0.03097433585146154,0.013660192605251613,0.48529636332923093,0.4118928556035412,0.45229367803480414,0.48498034779046745,0.4859829850194192,0.4640309112748007,0.3351357316265725,0.3639309391471136,0.9896864950794443,0.49549849568693455,0.28763431895039454,0.33803220358175157,0.3779542898107206,0.1763752732304886,0.7773059283166299,0.7757964417735622,0.9174870633729361,0.48938129689702053,0.47209209833465504,0.11044585987261146,0.45458812171974006,0.3213487840834088,0.38682784287100713,0.9845227313439355,0.4462197509972199,0.7265507244610221,0.7265507244610221,0.5279184401033141,0.016105082394837655,0.5163572953579919,0.6168624205859639,2.9912094525543796e-05,0.0003378114286352418,0.008296662999633296,0.39740371955233705,0.0,0.00025463980180607723,0.0005397644323365772,0.0007201615197506856,0.0017373882828029866,0.002630944730077121,8.118695325661166e-05,0.0008385431431939242,1.1298493413537448e-06,0.16365388005719875,0.0050442098938097936,0.00042183356669660065,0.00025420489697344876,0.0004160616136745263,0.5689544217610258,0.8320414933558111,0.0003863602603396691,0.42337400887542853,0.003764675613706257,0.01016338614041625,0.0014624833135507532,0.9754176841565101,0.0037281001659164297,0.683018149713804,0.21769518436325286,0.025961887224031383,0.3726457240941475,0.6828902875803968,0.0,0.006767675672158173,0.0003467803917627626
56,PHB1,MRT,1993-12-31,0.0009402173913043477,0.018049889895671637,0.010147413624165616,0.0009025931644884509,0.0016935757028339166,0.16645325594485974,0.24632595453495937,0.10207600555116886,0.3907222812452571,0.1287233327368538,0.058709201998434185,0.30158366209036874,0.5641343720764467,0.03091777713138616,0.013660192605251613,0.48514093486811943,0.4116565681381296,0.45206987740298027,0.48482330566744364,0.4858262486250766,0.4640309112748007,0.3351357316265725,0.3639178732978465,0.9896857976908942,0.4953299810645908,0.28763431895039454,0.3380401334962306,0.3779816624296678,0.17634486012171535,0.7773436762735217,0.7757298172081505,0.9175168036227643,0.4893403813456712,0.47189413164155436,0.11044585987261146,0.4543511483364909,0.3211326659262743,0.3865914412932195,0.9845214806827687,0.4458696966034087,0.7265504806715587,0.7265504806715587,0.5279395394521446,0.01609046608772449,0.5163052608809775,0.6168622136017115,5.904311360209749e-05,0.0006114107675299005,0.008078932893289328,0.39740371955233705,0.0,0.0,0.00012054292533571204,0.0005505490053111538,0.0017373882828029866,0.0021690231362467864,8.795253269466263e-05,0.0008847973023380731,1.1298493413537448e-06,0.16365566083935387,0.004946397722642841,0.0003246723574916824,0.0003081938808452236,0.00031841940838443517,0.5689518311848466,0.8320415992099891,0.0002957185570341748,0.4235522745914569,0.003765511066401915,0.01016338614041625,0.0014226621742773147,0.9754176041354277,0.0037289274840612043,0.6830561427890793,0.21768871434209588,,,,0.0,0.00455516631779877,0.0011394212872205057
57,PHB1,MRT,1993-09-30,0.000907608695652174,0.018049889895671637,0.010261440502849195,0.0008267895897434731,0.0016935757028339166,0.16644623154347887,0.24634663420163305,0.10203263704448112,0.3907766340204805,0.1287254260715035,0.05870198632735256,0.30161485455788756,0.5641845235443489,0.03089111036350639,0.013660192605251613,0.4850840995197761,0.41163033265233995,0.45203976432886306,0.4847658802531868,0.4857689350062784,0.4640309112748007,0.3351357316265725,0.36392571280740676,0.9896854054098347,0.49523458868083314,0.28763431895039454,0.33803152656515395,0.3779768430944951,0.17631425830699313,0.7773531132627447,0.7757759569655454,0.9175719337522579,0.48937621240216284,0.4717652656621729,0.11044585987261146,0.45420099892131005,0.32111224848726777,0.3865579820312142,0.9845211920686532,0.44584793907893144,0.7265503933136677,0.7265503933136677,0.5279471788715486,0.016088336282973712,0.5162715183873504,0.6168621394323544,3.4959563777325946e-05,0.00022163221548460586,0.008279725889255591,0.3974450501974984,0.0,0.0,0.00015801302399339959,0.0006603323573520865,0.0017125796302962953,0.0019316356041131104,9.311805259561455e-05,0.0005711403888333508,1.1298493413537448e-06,0.16376311501537708,0.0049007339293999,0.0002937356512855342,0.00030081079157560974,0.0002871154616672575,0.5689504366316884,0.8320466802105324,0.0002636957973795364,0.42355656508297057,0.0037639210112714694,,,,,,0.2177816659010475,,,,0.0,0.00388806221055714,0.00046906648133967637
58,PHB1,MRT,1993-06-30,0.0006521739130434782,0.018049889895671637,0.010303630447962118,0.0006435723495848617,0.0015806706559783224,,,,,,,,,,,,,,,,,,,,,,,,,,,,,,,,,,,,,,,,,,3.5899039142544806e-05,0.00025961506248115516,0.009338879721305463,0.3974225847597103,0.0,0.0,0.0002635724637098826,0.0008185918471238087,0.0018174333609854594,0.002029803984575835,0.00010340849892089007,0.0005561256919473001,1.1298493413537448e-06,0.16384734601131512,0.00492187415848325,0.0003267781583525692,0.00029837413982360957,0.00031942637368874454,0.5689507997965734,0.8320509673047407,0.00029214059506158955,,,,,,,,0.2178614153818283,,,,0.0,0.0045313547281541815,0.0004414443615631445
59,PHB1,MRT,1993-03-31,0.0004347826086956522,0.018049889895671637,0.010301235883509764,0.0006846578870966397,0.00101614542170035,,,,,,,,,,,,,,,,,,,,,,,,,,,,,,,,,,,,,,,,,,3.615887742877228e-05,0.0005526874155471429,0.008078932893289328,0.39749720210664913,0.0,0.0002055780431950658,0.00038693609349845035,0.0005499212187317347,0.0018140681494466968,0.002695814588688946,8.583490633055267e-05,0.0009432685277748765,1.1298493413537448e-06,0.1635093998586059,0.005032489097565588,0.0003914533729609975,0.0002638099583948918,0.00038535097562840935,0.5689548333478954,0.8320324428235936,0.000352548519698738,,,,,,,,0.21750918096002173,,,,0.0,0.006006241662418793,0.00044355335251713025
60,PHB1,MRT,1992-12-31,0.0002173913043478261,0.018049889895671637,0.010292683867608496,0.0006183297591947841,0.0005645252342779723,,,,,,,,,,,,,,,,,,,,,,,,,,,,,,,,,,,,,,,,,,7.975240708329644e-05,0.0008521865612471663,0.008078932893289328,0.39768185278143514,0.0,0.0,0.00011419299190219414,0.0006271676038793387,0.0017955007904334082,0.0021595437017994856,9.0124283694277e-05,0.0009931499082377164,1.1298493413537448e-06,0.16358529857484005,0.004982914749568238,0.0003527139482611751,0.0003168521567291706,0.0003463065994105874,0.56895305141886,0.8320366769907129,0.00031706706347060044,,,,,,,,0.21755342458219837,,,,0.0,0.005080376994240968,0.0016175819074053892
61,PHB1,MRT,1992-09-30,0.0,,0.010351407710130538,0.0006688149399749394,0.0,0.16642939777911614,0.24604167838626392,0.10149069222118537,0.39085678829379783,0.1286001730819069,0.05851014148849448,0.301575640418705,0.5641909832048826,0.03063881835382384,0.013660192605251613,0.4852393156205507,0.41176501849026353,0.4521753207769032,0.4849227078111437,0.48592545725326813,0.4640309112748007,0.3351357316265725,0.3638760625801916,0.9896868001869349,0.49549912686724173,0.28761588948993816,0.33801768586668257,0.37797546476463567,0.1762611690333538,0.7774407734556368,0.7758080571611686,0.9177931920523061,0.4894120888100896,0.47175992386994453,0.11044585987261146,0.454271893327532,0.32119171287531767,0.38667407938088083,0.9845229237533458,0.44654786655384987,0.7265506228820791,0.7265506228820791,0.52781112444978,0.01607409582375774,0.516286436121375,0.6168623343425254,,,,,,,,,,,,,,,,,,,,,,0.4231927987044398,0.0037613338029236264,,,,,,,,,,,,
